response-time,DNS+dialup,DNS,Request-write,Response-delay,Response-read,status-code,offset
0.0042,0.0027,0.0006,0.0001,0.0011,0.0002,200,0.0073
0.0028,0.0015,0.0000,0.0001,0.0011,0.0001,200,0.0088
0.0041,0.0018,0.0005,0.0001,0.0011,0.0001,200,0.0076
0.0045,0.0022,0.0002,0.0001,0.0011,0.0001,200,0.0073
0.0029,0.0012,0.0001,0.0001,0.0011,0.0001,200,0.0091
0.0043,0.0019,0.0001,0.0001,0.0012,0.0001,200,0.0078
0.0937,0.0000,0.0001,0.0000,0.0920,0.0001,200,0.0115
0.0964,0.0000,0.0000,0.0001,0.0932,0.0001,200,0.0090
0.3960,0.0018,0.0001,0.0000,0.3941,0.0001,200,0.0096
0.3980,0.0000,0.0001,0.0000,0.3942,0.0001,200,0.0078
0.3978,0.0026,0.0000,0.0001,0.3942,0.0001,200,0.0080
0.3962,0.0000,0.0001,0.0001,0.3926,0.0001,200,0.0096
0.3969,0.0000,0.0001,0.0001,0.3927,0.0001,200,0.0090
0.3968,0.0039,0.0001,0.0000,0.3927,0.0000,200,0.0091
0.3963,0.0012,0.0001,0.0001,0.3949,0.0001,200,0.0096
0.3978,0.0000,0.0001,0.0001,0.3942,0.0001,200,0.0082
0.3976,0.0000,0.0000,0.0000,0.3943,0.0001,200,0.0084
0.3008,0.0000,0.0000,0.0000,0.3007,0.0001,200,0.1052
0.3972,0.0026,0.0000,0.0001,0.3944,0.0001,200,0.0089
0.3972,0.0000,0.0001,0.0000,0.3931,0.0001,200,0.0090
0.3969,0.0018,0.0001,0.0002,0.3949,0.0001,200,0.0094
0.3986,0.0000,0.0001,0.0001,0.3946,0.0000,200,0.0078
0.3948,0.0000,0.0001,0.0001,0.3932,0.0001,200,0.0116
0.3969,0.0018,0.0001,0.0001,0.3948,0.0000,200,0.0095
0.3970,0.0000,0.0000,0.0001,0.3935,0.0001,200,0.0096
0.3977,0.0018,0.0000,0.0001,0.3949,0.0000,200,0.0089
0.3985,0.0022,0.0000,0.0001,0.3957,0.0000,200,0.0082
0.3974,0.0000,0.0001,0.0002,0.3936,0.0000,200,0.0094
0.3985,0.0000,0.0001,0.0000,0.3957,0.0001,200,0.0088
0.5962,0.0018,0.0002,0.0001,0.5937,0.0001,200,0.0090
0.5962,0.0023,0.0003,0.0001,0.5937,0.0001,200,0.0089
0.5963,0.0014,0.0001,0.0001,0.5946,0.0000,200,0.0094
0.5967,0.0019,0.0001,0.0001,0.5946,0.0001,200,0.0091
0.1998,0.0000,0.0000,0.0000,0.1997,0.0001,200,0.4061
0.2001,0.0000,0.0000,0.0000,0.2000,0.0001,200,0.4058
0.5987,0.0010,0.0001,0.0017,0.5948,0.0001,200,0.0073
0.6972,0.0000,0.0001,0.0001,0.6919,0.0001,200,0.0078
0.7980,0.0027,0.0001,0.0002,0.7938,0.0001,200,0.0073
0.3985,0.0000,0.0000,0.0000,0.3984,0.0001,200,0.4068
0.3990,0.0000,0.0000,0.0000,0.3989,0.0001,200,0.4063
0.7001,0.0000,0.0000,0.0000,0.6999,0.0001,200,0.1054
0.3990,0.0000,0.0000,0.0000,0.3988,0.0001,200,0.4065
0.3981,0.0000,0.0000,0.0000,0.3980,0.0001,200,0.4073
0.3989,0.0000,0.0000,0.0000,0.3987,0.0001,200,0.4066
0.3997,0.0000,0.0000,0.0000,0.3996,0.0001,200,0.4058
0.7964,0.0025,0.0000,0.0001,0.7937,0.0001,200,0.0091
0.7936,0.0000,0.0000,0.0000,0.7923,0.0001,200,0.0120
0.7939,0.0000,0.0001,0.0000,0.7924,0.0001,200,0.0117
0.3997,0.0000,0.0000,0.0000,0.3996,0.0001,200,0.4060
0.2005,0.0000,0.0000,0.0000,0.2002,0.0003,200,0.6052
0.7967,0.0000,0.0001,0.0001,0.7925,0.0001,200,0.0090
0.3998,0.0000,0.0000,0.0000,0.3996,0.0000,200,0.4059
0.3990,0.0000,0.0000,0.0000,0.3988,0.0001,200,0.4067
0.4002,0.0000,0.0000,0.0001,0.4000,0.0001,200,0.4056
0.3999,0.0000,0.0000,0.0000,0.3997,0.0001,200,0.4060
0.7974,0.0000,0.0001,0.0000,0.7927,0.0001,200,0.0085
0.4000,0.0000,0.0000,0.0000,0.3998,0.0001,200,0.4059
0.7969,0.0000,0.0001,0.0001,0.7941,0.0001,200,0.0090
0.4001,0.0000,0.0000,0.0000,0.4000,0.0000,200,0.4057
0.3995,0.0000,0.0000,0.0000,0.3993,0.0000,200,0.4064
0.2002,0.0000,0.0000,0.0000,0.2001,0.0001,200,0.6057
0.2002,0.0000,0.0000,0.0000,0.2000,0.0001,200,0.6059
0.7940,0.0000,0.0000,0.0000,0.7927,0.0000,200,0.0121
0.7971,0.0026,0.0001,0.0001,0.7943,0.0000,200,0.0089
0.7964,0.0013,0.0001,0.0001,0.7950,0.0000,200,0.0096
0.2009,0.0000,0.0000,0.0000,0.2008,0.0001,200,0.6052
0.2003,0.0000,0.0000,0.0000,0.2001,0.0001,200,0.6059
0.4003,0.0000,0.0000,0.0000,0.4002,0.0001,200,0.4058
0.3998,0.0000,0.0000,0.0000,0.3997,0.0000,200,0.4064
0.2002,0.0000,0.0000,0.0000,0.2001,0.0000,200,0.6059
0.7981,0.0027,0.0001,0.0001,0.7945,0.0001,200,0.0081
0.4001,0.0000,0.0000,0.0000,0.3999,0.0001,200,0.4061
0.1012,0.0000,0.0000,0.0000,0.1010,0.0001,200,0.7051
0.7982,0.0000,0.0000,0.0000,0.7945,0.0001,200,0.0080
0.7967,0.0000,0.0000,0.0000,0.7941,0.0001,200,0.0096
0.2002,0.0000,0.0000,0.0000,0.2001,0.0000,200,0.6060
0.3999,0.0000,0.0000,0.0000,0.3998,0.0001,200,0.4066
0.7946,0.0000,0.0000,0.0000,0.7932,0.0001,200,0.0119
0.7969,0.0000,0.0002,0.0001,0.7934,0.0000,200,0.0096
0.7977,0.0020,0.0000,0.0000,0.7955,0.0000,200,0.0089
0.4006,0.0000,0.0000,0.0000,0.4004,0.0001,200,0.4062
0.8960,0.0000,0.0001,0.0000,0.8929,0.0001,200,0.0091
0.1990,0.0000,0.0000,0.0000,0.1989,0.0001,200,0.8063
0.1993,0.0000,0.0000,0.0000,0.1992,0.0000,200,0.8060
0.1991,0.0000,0.0000,0.0000,0.1990,0.0001,200,0.8062
0.4997,0.0000,0.0000,0.0000,0.4996,0.0001,200,0.8059
0.4989,0.0000,0.0000,0.0000,0.4988,0.0001,200,0.8068
0.4007,0.0000,0.0000,0.0000,0.4006,0.0000,200,0.9051
0.5005,0.0000,0.0000,0.0000,0.5003,0.0001,200,0.8055
0.4995,0.0000,0.0000,0.0000,0.4994,0.0001,200,0.8065
0.5004,0.0000,0.0000,0.0000,0.5003,0.0001,200,0.8057
0.5006,0.0000,0.0000,0.0000,0.5005,0.0000,200,0.8055
0.4999,0.0000,0.0000,0.0000,0.4998,0.0000,200,0.8062
0.5002,0.0000,0.0000,0.0000,0.5001,0.0000,200,0.8059
0.5004,0.0000,0.0000,0.0000,0.5003,0.0001,200,0.8058
0.5011,0.0000,0.0000,0.0001,0.5009,0.0000,200,0.8053
0.5003,0.0000,0.0000,0.0000,0.5001,0.0000,200,0.8062
0.5004,0.0000,0.0000,0.0000,0.5003,0.0001,200,0.8060
0.5003,0.0000,0.0000,0.0001,0.5001,0.0001,200,0.8061
0.5007,0.0000,0.0000,0.0000,0.5006,0.0001,200,0.8057
0.5003,0.0000,0.0000,0.0000,0.5002,0.0000,200,0.8062
0.6992,0.0000,0.0000,0.0000,0.6991,0.0001,200,0.8060
0.6993,0.0000,0.0000,0.0001,0.6991,0.0001,200,0.8061
0.7036,0.0000,0.0000,0.0000,0.7034,0.0001,200,0.8055
0.0011,0.0000,0.0000,0.0000,0.0010,0.0001,200,1.5091
0.0009,0.0000,0.0000,0.0000,0.0007,0.0001,200,1.5102
0.0010,0.0000,0.0000,0.0000,0.0009,0.0001,200,1.5115
0.0011,0.0000,0.0000,0.0000,0.0010,0.0001,200,1.5136
0.2899,0.0000,0.0000,0.0000,0.2898,0.0001,200,1.5155
0.4994,0.0000,0.0000,0.0000,0.4993,0.0001,200,1.3061
0.8004,0.0000,0.0000,0.0001,0.8002,0.0001,200,1.0053
0.9995,0.0000,0.0000,0.0000,0.9993,0.0000,200,0.8061
0.9999,0.0000,0.0000,0.0000,0.9998,0.0001,200,0.8058
0.4993,0.0000,0.0000,0.0000,0.4992,0.0001,200,1.3064
0.9999,0.0000,0.0000,0.0000,0.9998,0.0001,200,0.8058
0.4993,0.0000,0.0000,0.0000,0.4991,0.0001,200,1.3065
0.4993,0.0000,0.0000,0.0000,0.4992,0.0001,200,1.3064
0.4994,0.0000,0.0000,0.0000,0.4992,0.0001,200,1.3064
0.4997,0.0000,0.0000,0.0000,0.4995,0.0001,200,1.3061
0.3004,0.0000,0.0000,0.0000,0.3003,0.0001,200,1.5054
0.5003,0.0000,0.0000,0.0000,0.5002,0.0001,200,1.3056
0.4999,0.0000,0.0000,0.0001,0.4997,0.0001,200,1.3060
0.4995,0.0000,0.0000,0.0000,0.4994,0.0000,200,1.3064
0.4998,0.0000,0.0000,0.0000,0.4996,0.0001,200,1.3062
1.0006,0.0000,0.0000,0.0001,1.0003,0.0001,200,0.8054
1.0003,0.0000,0.0000,0.0001,1.0000,0.0002,200,0.8057
0.5002,0.0000,0.0000,0.0000,0.5001,0.0001,200,1.3058
1.0006,0.0000,0.0000,0.0000,1.0003,0.0001,200,0.8055
0.5003,0.0000,0.0000,0.0000,0.5002,0.0000,200,1.3057
1.0005,0.0000,0.0000,0.0000,1.0003,0.0001,200,0.8057
0.9996,0.0000,0.0000,0.0000,0.9995,0.0000,200,0.8065
0.9999,0.0000,0.0000,0.0000,0.9998,0.0000,200,0.8062
1.0007,0.0000,0.0000,0.0000,1.0005,0.0001,200,0.8056
1.0005,0.0000,0.0000,0.0000,1.0004,0.0001,200,0.8058
1.0008,0.0000,0.0000,0.0001,1.0006,0.0000,200,0.8056
1.0005,0.0000,0.0000,0.0000,1.0004,0.0001,200,0.8059
1.0011,0.0000,0.0000,0.0000,1.0010,0.0000,200,0.8053
1.0009,0.0000,0.0000,0.0000,1.0008,0.0000,200,0.8057
1.0008,0.0000,0.0000,0.0000,1.0007,0.0000,200,0.8059
1.0005,0.0000,0.0000,0.0000,1.0004,0.0000,200,0.8063
1.0002,0.0000,0.0000,0.0000,1.0001,0.0000,200,0.8066
0.3015,0.0000,0.0000,0.0000,0.3014,0.0000,200,1.5053
1.0005,0.0000,0.0000,0.0000,1.0003,0.0000,200,0.8065
0.5010,0.0000,0.0000,0.0000,0.5008,0.0001,200,1.3060
1.0016,0.0000,0.0000,0.0000,1.0015,0.0000,200,0.8054
1.0016,0.0000,0.0000,0.0001,1.0014,0.0000,200,0.8054
0.8018,0.0000,0.0000,0.0000,0.8017,0.0001,200,1.0054
0.8020,0.0000,0.0000,0.0000,0.8018,0.0001,200,1.0053
1.0013,0.0000,0.0000,0.0001,1.0011,0.0001,200,0.8060
0.0016,0.0000,0.0000,0.0000,0.0015,0.0001,200,1.8058
0.5013,0.0000,0.0000,0.0000,0.5012,0.0001,200,1.3063
1.0016,0.0000,0.0000,0.0000,1.0015,0.0000,200,0.8062
0.5024,0.0000,0.0000,0.0000,0.5024,0.0000,200,1.3064
0.5029,0.0000,0.0000,0.0001,0.5028,0.0000,200,1.3061
0.2998,0.0000,0.0000,0.0000,0.2996,0.0001,200,1.8057
0.3000,0.0000,0.0000,0.0001,0.2998,0.0000,200,1.8058
0.5996,0.0000,0.0000,0.0001,0.5995,0.0001,200,1.8056
0.8984,0.0000,0.0000,0.0000,0.8982,0.0001,200,1.8070
0.8993,0.0000,0.0000,0.0000,0.8992,0.0001,200,1.8062
0.8995,0.0000,0.0000,0.0000,0.8993,0.0001,200,1.8060
0.8999,0.0000,0.0000,0.0000,0.8997,0.0001,200,1.8056
0.8998,0.0000,0.0000,0.0000,0.8997,0.0001,200,1.8057
0.8992,0.0000,0.0000,0.0000,0.8991,0.0001,200,1.8064
0.8997,0.0000,0.0000,0.0000,0.8995,0.0001,200,1.8058
0.8998,0.0000,0.0000,0.0000,0.8997,0.0000,200,1.8058
0.8990,0.0000,0.0000,0.0000,0.8989,0.0001,200,1.8067
0.8984,0.0000,0.0000,0.0000,0.8983,0.0001,200,1.8073
0.8990,0.0000,0.0000,0.0000,0.8989,0.0000,200,1.8067
0.8980,0.0000,0.0000,0.0000,0.8979,0.0001,200,1.8078
0.9000,0.0000,0.0000,0.0001,0.8998,0.0000,200,1.8058
0.8969,0.0000,0.0000,0.0000,0.8968,0.0001,200,1.8089
0.8991,0.0000,0.0000,0.0000,0.8990,0.0000,200,1.8067
0.8997,0.0000,0.0000,0.0000,0.8995,0.0000,200,1.8062
0.8984,0.0000,0.0000,0.0000,0.8983,0.0001,200,1.8076
0.8993,0.0000,0.0000,0.0000,0.8992,0.0001,200,1.8067
0.8990,0.0000,0.0000,0.0000,0.8988,0.0001,200,1.8071
0.9002,0.0000,0.0000,0.0000,0.9000,0.0000,200,1.8059
0.9000,0.0000,0.0000,0.0000,0.8999,0.0000,200,1.8060
0.9001,0.0000,0.0000,0.0000,0.9000,0.0000,200,1.8059
0.6003,0.0000,0.0000,0.0000,0.6002,0.0001,200,2.1058
0.8992,0.0000,0.0000,0.0000,0.8990,0.0001,200,1.8070
0.8971,0.0000,0.0000,0.0000,0.8970,0.0001,200,1.8091
0.8988,0.0000,0.0000,0.0000,0.8985,0.0002,200,1.8073
0.8992,0.0000,0.0000,0.0000,0.8991,0.0001,200,1.8069
0.8998,0.0000,0.0000,0.0000,0.8997,0.0000,200,1.8063
0.9002,0.0000,0.0000,0.0001,0.9000,0.0001,200,1.8060
0.6007,0.0000,0.0000,0.0000,0.6006,0.0000,200,2.1055
0.8991,0.0000,0.0000,0.0000,0.8990,0.0000,200,1.8072
0.9001,0.0000,0.0000,0.0001,0.9000,0.0000,200,1.8061
0.9003,0.0000,0.0000,0.0000,0.9002,0.0000,200,1.8060
0.9004,0.0000,0.0000,0.0001,0.9002,0.0001,200,1.8059
0.3012,0.0000,0.0000,0.0000,0.3011,0.0000,200,2.4052
0.9008,0.0000,0.0000,0.0000,0.9007,0.0000,200,1.8056
0.9005,0.0000,0.0000,0.0000,0.9004,0.0000,200,1.8060
0.9002,0.0000,0.0000,0.0000,0.9001,0.0001,200,1.8063
0.0011,0.0000,0.0000,0.0000,0.0010,0.0000,200,2.7055
0.8992,0.0000,0.0000,0.0000,0.8991,0.0001,200,1.8075
0.9003,0.0000,0.0000,0.0000,0.9001,0.0001,200,1.8065
0.0013,0.0000,0.0000,0.0000,0.0011,0.0000,200,2.7056
0.9010,0.0000,0.0000,0.0000,0.9009,0.0000,200,1.8060
0.9002,0.0000,0.0000,0.0000,0.9001,0.0001,200,1.8068
0.0014,0.0000,0.0000,0.0000,0.0013,0.0000,200,2.7056
0.0013,0.0000,0.0000,0.0000,0.0012,0.0000,200,2.7061
0.0018,0.0000,0.0000,0.0000,0.0017,0.0000,200,2.7056
0.0015,0.0000,0.0000,0.0000,0.0014,0.0000,200,2.7060
0.0016,0.0000,0.0000,0.0000,0.0015,0.0000,200,2.7058
0.0015,0.0000,0.0000,0.0001,0.0014,0.0000,200,2.7060
0.0018,0.0000,0.0000,0.0000,0.0017,0.0001,200,2.7058
0.0020,0.0000,0.0000,0.0000,0.0020,0.0000,200,2.7056
0.0021,0.0000,0.0000,0.0001,0.0019,0.0000,200,2.7056
0.0018,0.0000,0.0000,0.0000,0.0017,0.0001,200,2.7058
0.0019,0.0000,0.0000,0.0000,0.0018,0.0001,200,2.7057
0.0020,0.0000,0.0000,0.0000,0.0019,0.0001,200,2.7057
0.0019,0.0000,0.0000,0.0001,0.0017,0.0001,200,2.7058
0.0021,0.0000,0.0000,0.0000,0.0019,0.0001,200,2.7058
0.9022,0.0000,0.0000,0.0000,0.9021,0.0001,200,1.8058
0.9026,0.0000,0.0000,0.0000,0.9024,0.0001,200,1.8055
0.3996,0.0000,0.0000,0.0000,0.3995,0.0001,200,2.7065
0.3986,0.0000,0.0000,0.0000,0.3985,0.0001,200,2.7076
0.3995,0.0000,0.0000,0.0000,0.3994,0.0001,200,2.7067
0.4002,0.0000,0.0000,0.0000,0.4000,0.0001,200,2.7061
0.3999,0.0000,0.0000,0.0000,0.3998,0.0001,200,2.7064
0.3988,0.0000,0.0000,0.0000,0.3987,0.0000,200,2.7075
0.3999,0.0000,0.0000,0.0000,0.3998,0.0001,200,2.7064
0.3985,0.0000,0.0000,0.0000,0.3984,0.0001,200,2.7078
0.4003,0.0000,0.0000,0.0000,0.4001,0.0001,200,2.7061
0.4009,0.0000,0.0000,0.0000,0.4008,0.0001,200,2.7054
0.3987,0.0000,0.0000,0.0000,0.3985,0.0001,200,2.7076
0.4008,0.0000,0.0000,0.0000,0.4007,0.0001,200,2.7055
0.4002,0.0000,0.0000,0.0000,0.4001,0.0001,200,2.7062
0.4003,0.0000,0.0000,0.0000,0.4002,0.0001,200,2.7062
0.3989,0.0000,0.0000,0.0000,0.3987,0.0002,200,2.7076
0.4990,0.0000,0.0000,0.0000,0.4988,0.0000,200,2.7062
0.0989,0.0000,0.0000,0.0000,0.0988,0.0000,200,3.1063
0.0990,0.0000,0.0000,0.0001,0.0988,0.0001,200,3.1063
0.0991,0.0000,0.0000,0.0000,0.0989,0.0001,200,3.1063
0.4993,0.0000,0.0000,0.0000,0.4991,0.0001,200,2.7061
0.0990,0.0000,0.0000,0.0000,0.0988,0.0000,200,3.1065
0.4992,0.0000,0.0000,0.0000,0.4991,0.0001,200,2.7063
0.2991,0.0000,0.0000,0.0000,0.2990,0.0001,200,3.1063
0.2002,0.0000,0.0000,0.0000,0.2001,0.0001,200,3.2053
0.2990,0.0000,0.0000,0.0001,0.2988,0.0001,200,3.1065
0.7000,0.0000,0.0000,0.0000,0.6998,0.0001,200,2.7055
0.6986,0.0000,0.0000,0.0000,0.6985,0.0001,200,2.7070
0.8032,0.0000,0.0000,0.0000,0.8031,0.0001,200,2.7063
0.4034,0.0000,0.0000,0.0000,0.4033,0.0001,200,3.1062
0.8035,0.0000,0.0000,0.0000,0.8034,0.0000,200,2.7061
0.4036,0.0000,0.0000,0.0000,0.4035,0.0001,200,3.1061
0.4034,0.0000,0.0000,0.0000,0.4032,0.0001,200,3.1063
0.4034,0.0000,0.0000,0.0000,0.4032,0.0001,200,3.1063
0.3043,0.0000,0.0000,0.0000,0.3042,0.0000,200,3.2055
0.8022,0.0000,0.0000,0.0000,0.8021,0.0001,200,2.7077
0.3046,0.0000,0.0000,0.0000,0.3044,0.0001,200,3.2053
0.4034,0.0000,0.0000,0.0000,0.4033,0.0001,200,3.1065
0.1045,0.0000,0.0000,0.0000,0.1043,0.0000,200,3.4054
0.8025,0.0000,0.0000,0.0000,0.8024,0.0001,200,2.7074
0.1043,0.0000,0.0000,0.0000,0.1041,0.0001,200,3.4056
0.4037,0.0000,0.0000,0.0000,0.4035,0.0001,200,3.1062
0.8025,0.0000,0.0000,0.0000,0.8023,0.0001,200,2.7074
0.8024,0.0000,0.0000,0.0000,0.8022,0.0001,200,2.7076
0.8030,0.0000,0.0000,0.0000,0.8029,0.0001,200,2.7070
1.7036,0.0000,0.0000,0.0000,1.7034,0.0002,200,1.8064
0.3049,0.0000,0.0000,0.0000,0.3048,0.0000,200,3.2051
0.8033,0.0000,0.0000,0.0000,0.8030,0.0002,200,2.7067
0.8024,0.0000,0.0000,0.0001,0.8022,0.0001,200,2.7076
0.8039,0.0000,0.0000,0.0001,0.8036,0.0002,200,2.7061
0.1046,0.0000,0.0000,0.0000,0.1043,0.0001,200,3.4055
0.3046,0.0000,0.0000,0.0000,0.3044,0.0002,200,3.2054
0.1045,0.0000,0.0000,0.0000,0.1043,0.0002,200,3.4055
0.4038,0.0000,0.0000,0.0000,0.4035,0.0001,200,3.1063
0.8041,0.0000,0.0000,0.0000,0.8039,0.0000,200,2.7060
0.8026,0.0000,0.0000,0.0000,0.8025,0.0000,200,2.7075
0.3049,0.0000,0.0000,0.0000,0.3048,0.0001,200,3.2053
0.4040,0.0000,0.0000,0.0000,0.4038,0.0001,200,3.1063
0.8041,0.0000,0.0000,0.0000,0.8040,0.0000,200,2.7063
0.8051,0.0000,0.0000,0.0000,0.8049,0.0001,200,2.7061
0.3059,0.0000,0.0000,0.0000,0.3058,0.0001,200,3.2055
0.4052,0.0000,0.0000,0.0001,0.4050,0.0001,200,3.1063
0.8053,0.0000,0.0000,0.0000,0.8052,0.0001,200,2.7065
1.1980,0.0000,0.0000,0.0000,1.1978,0.0001,200,2.7080
0.3962,0.0000,0.0000,0.0000,0.3960,0.0001,200,3.5099
0.3964,0.0000,0.0000,0.0000,0.3963,0.0001,200,3.5097
1.1987,0.0000,0.0000,0.0000,1.1985,0.0001,200,2.7075
0.3960,0.0000,0.0000,0.0001,0.3958,0.0001,200,3.5102
1.1986,0.0000,0.0000,0.0000,1.1984,0.0002,200,2.7077
0.3964,0.0000,0.0000,0.0000,0.3959,0.0001,200,3.5099
0.3965,0.0000,0.0000,0.0001,0.3964,0.0000,200,3.5099
0.4951,0.0000,0.0000,0.0001,0.4949,0.0001,200,3.5100
0.5951,0.0000,0.0000,0.0001,0.5949,0.0001,200,3.5101
0.8955,0.0000,0.0000,0.0001,0.8950,0.0001,200,3.5099
0.8954,0.0000,0.0000,0.0000,0.8951,0.0001,200,3.5101
1.6978,0.0000,0.0000,0.0000,1.6977,0.0001,200,2.7077
0.8956,0.0000,0.0000,0.0000,0.8954,0.0001,200,3.5099
0.8955,0.0000,0.0000,0.0000,0.8953,0.0001,200,3.5100
0.4994,0.0000,0.0000,0.0001,0.4992,0.0001,200,3.9061
1.6993,0.0000,0.0000,0.0000,1.6992,0.0001,200,2.7062
0.8937,0.0000,0.0000,0.0000,0.8934,0.0003,200,3.5118
0.4994,0.0000,0.0000,0.0000,0.4992,0.0001,200,3.9062
0.4993,0.0000,0.0000,0.0000,0.4992,0.0001,200,3.9063
1.6980,0.0000,0.0000,0.0000,1.6978,0.0001,200,2.7077
1.6981,0.0000,0.0000,0.0000,1.6980,0.0001,200,2.7075
0.8942,0.0000,0.0000,0.0000,0.8940,0.0001,200,3.5115
0.4006,0.0000,0.0000,0.0000,0.4005,0.0001,200,4.0051
0.8960,0.0000,0.0000,0.0000,0.8957,0.0002,200,3.5098
0.4996,0.0000,0.0000,0.0002,0.4992,0.0002,200,3.9061
1.6994,0.0000,0.0000,0.0001,1.6990,0.0003,200,2.7064
0.8954,0.0000,0.0000,0.0000,0.8954,0.0000,200,3.5104
1.0003,0.0000,0.0000,0.0000,1.0002,0.0001,200,3.4055
0.8962,0.0000,0.0000,0.0000,0.8960,0.0001,200,3.5097
0.8963,0.0000,0.0000,0.0000,0.8961,0.0001,200,3.5097
0.8959,0.0000,0.0000,0.0001,0.8957,0.0000,200,3.5100
0.8965,0.0000,0.0000,0.0000,0.8962,0.0002,200,3.5095
0.3008,0.0000,0.0000,0.0000,0.3006,0.0002,200,4.1052
0.4997,0.0000,0.0000,0.0000,0.4995,0.0002,200,3.9063
0.8963,0.0000,0.0000,0.0001,0.8961,0.0001,200,3.5098
0.8961,0.0000,0.0000,0.0000,0.8957,0.0001,200,3.5099
1.6980,0.0000,0.0000,0.0000,1.6979,0.0001,200,2.7080
0.8961,0.0000,0.0000,0.0000,0.8959,0.0001,200,3.5100
0.8962,0.0000,0.0000,0.0001,0.8960,0.0001,200,3.5100
0.8962,0.0000,0.0000,0.0000,0.8959,0.0001,200,3.5100
0.8960,0.0000,0.0000,0.0000,0.8959,0.0000,200,3.5102
0.8964,0.0000,0.0000,0.0001,0.8960,0.0001,200,3.5100
0.8965,0.0000,0.0000,0.0000,0.8963,0.0001,200,3.5100
0.8963,0.0000,0.0000,0.0001,0.8962,0.0001,200,3.5102
0.8966,0.0000,0.0000,0.0000,0.8965,0.0000,200,3.5099
0.8963,0.0000,0.0000,0.0000,0.8962,0.0000,200,3.5103
0.8969,0.0000,0.0000,0.0000,0.8964,0.0001,200,3.5099
0.5008,0.0000,0.0000,0.0001,0.5007,0.0000,200,3.9060
0.5009,0.0000,0.0000,0.0002,0.5006,0.0001,200,3.9061
0.8971,0.0000,0.0000,0.0000,0.8969,0.0000,200,3.5100
0.5009,0.0000,0.0000,0.0000,0.5008,0.0001,200,3.9064
0.8977,0.0000,0.0000,0.0001,0.8976,0.0000,200,3.5096
0.8966,0.0000,0.0000,0.0000,0.8965,0.0001,200,3.5112
0.8968,0.0000,0.0000,0.0000,0.8967,0.0000,200,3.5114
0.0988,0.0000,0.0000,0.0000,0.0986,0.0001,200,4.4066
0.0992,0.0000,0.0000,0.0000,0.0991,0.0001,200,4.4062
0.2994,0.0000,0.0000,0.0000,0.2993,0.0001,200,4.4065
0.2990,0.0000,0.0000,0.0000,0.2989,0.0001,200,4.4070
0.3002,0.0000,0.0000,0.0001,0.2999,0.0001,200,4.4060
0.3000,0.0000,0.0000,0.0001,0.2998,0.0001,200,4.4062
0.3003,0.0000,0.0000,0.0000,0.3002,0.0001,200,4.4060
0.3008,0.0000,0.0000,0.0000,0.3007,0.0000,200,4.4056
0.3008,0.0000,0.0000,0.0001,0.3006,0.0000,200,4.4056
0.2010,0.0000,0.0000,0.0000,0.2009,0.0000,200,4.5054
0.3006,0.0000,0.0000,0.0000,0.3004,0.0001,200,4.4058
0.3008,0.0000,0.0000,0.0000,0.3007,0.0001,200,4.4056
0.3008,0.0000,0.0000,0.0000,0.3007,0.0001,200,4.4056
0.3007,0.0000,0.0000,0.0001,0.3004,0.0001,200,4.4060
0.3011,0.0000,0.0000,0.0000,0.3010,0.0000,200,4.4056
0.3011,0.0000,0.0000,0.0000,0.3010,0.0000,200,4.4056
0.3011,0.0000,0.0000,0.0000,0.3010,0.0001,200,4.4057
0.2995,0.0000,0.0000,0.0000,0.2994,0.0000,200,4.4074
0.3002,0.0000,0.0000,0.0000,0.3001,0.0001,200,4.4068
0.3000,0.0000,0.0000,0.0000,0.2999,0.0000,200,4.4071
0.3013,0.0000,0.0000,0.0001,0.3010,0.0001,200,4.4058
0.4996,0.0000,0.0000,0.0001,0.4993,0.0001,200,4.4055
0.4979,0.0000,0.0000,0.0000,0.4978,0.0001,200,4.4073
0.4989,0.0000,0.0000,0.0001,0.4987,0.0001,200,4.4065
0.4976,0.0000,0.0000,0.0000,0.4975,0.0001,200,4.4078
0.1987,0.0000,0.0000,0.0000,0.1986,0.0001,200,4.7069
0.4998,0.0000,0.0000,0.0000,0.4996,0.0001,200,4.4060
0.1994,0.0000,0.0000,0.0000,0.1993,0.0000,200,4.7064
0.1989,0.0000,0.0000,0.0000,0.1988,0.0001,200,4.7071
0.5008,0.0000,0.0000,0.0000,0.5004,0.0001,200,4.4054
0.2001,0.0000,0.0000,0.0000,0.2000,0.0000,200,4.7061
0.0011,0.0000,0.0000,0.0000,0.0010,0.0001,200,4.9052
0.4008,0.0000,0.0000,0.0000,0.4007,0.0001,200,4.5054
0.4999,0.0000,0.0000,0.0000,0.4998,0.0001,200,4.4064
0.2007,0.0000,0.0000,0.0000,0.2005,0.0001,200,4.7059
0.5006,0.0000,0.0000,0.0000,0.5005,0.0000,200,4.4060
0.0016,0.0000,0.0000,0.0000,0.0015,0.0000,200,4.9050
0.2004,0.0000,0.0000,0.0000,0.2003,0.0000,200,4.7063
0.5013,0.0000,0.0000,0.0002,0.5008,0.0000,200,4.4055
0.5016,0.0000,0.0000,0.0001,0.5015,0.0000,200,4.4054
0.1999,0.0000,0.0000,0.0000,0.1998,0.0000,200,4.7071
0.7996,0.0000,0.0000,0.0000,0.7994,0.0001,200,4.4060
0.7995,0.0000,0.0000,0.0000,0.7994,0.0001,200,4.4062
0.4997,0.0000,0.0000,0.0000,0.4996,0.0001,200,4.7060
0.7998,0.0000,0.0000,0.0000,0.7997,0.0001,200,4.4060
0.4997,0.0000,0.0000,0.0000,0.4996,0.0001,200,4.7062
0.2989,0.0000,0.0000,0.0000,0.2988,0.0000,200,4.9071
0.4990,0.0000,0.0000,0.0000,0.4989,0.0001,200,4.7070
0.4993,0.0000,0.0000,0.0001,0.4991,0.0001,200,4.7068
0.8005,0.0000,0.0000,0.0000,0.8001,0.0001,200,4.4056
0.2994,0.0000,0.0000,0.0000,0.2992,0.0001,200,4.9067
0.4996,0.0000,0.0000,0.0000,0.4994,0.0001,200,4.7065
0.2996,0.0000,0.0000,0.0000,0.2995,0.0001,200,4.9065
0.7994,0.0000,0.0000,0.0000,0.7992,0.0001,200,4.4068
0.4995,0.0000,0.0000,0.0000,0.4994,0.0000,200,4.7067
0.3004,0.0000,0.0000,0.0000,0.3003,0.0001,200,4.9058
0.2996,0.0000,0.0000,0.0000,0.2995,0.0000,200,4.9067
0.8005,0.0000,0.0000,0.0001,0.8003,0.0001,200,4.4058
0.4999,0.0000,0.0000,0.0000,0.4998,0.0001,200,4.7064
0.2995,0.0000,0.0000,0.0000,0.2994,0.0001,200,4.9068
0.5000,0.0000,0.0000,0.0000,0.4999,0.0000,200,4.7064
0.7982,0.0000,0.0000,0.0000,0.7982,0.0000,200,4.4082
0.8007,0.0000,0.0000,0.0000,0.8006,0.0000,200,4.4057
0.2995,0.0000,0.0000,0.0000,0.2994,0.0001,200,4.9070
0.4999,0.0000,0.0000,0.0000,0.4997,0.0000,200,4.7067
0.8007,0.0000,0.0000,0.0000,0.8006,0.0000,200,4.4059
0.5003,0.0000,0.0000,0.0000,0.5002,0.0001,200,4.7064
0.3005,0.0000,0.0000,0.0000,0.3003,0.0000,200,4.9062
0.3005,0.0000,0.0000,0.0000,0.3004,0.0000,200,4.9062
0.0011,0.0000,0.0000,0.0000,0.0010,0.0000,200,5.2056
0.8007,0.0000,0.0000,0.0000,0.8006,0.0000,200,4.4060
0.5001,0.0000,0.0000,0.0000,0.4999,0.0001,200,4.7066
0.8011,0.0000,0.0000,0.0000,0.8008,0.0001,200,4.4058
0.5005,0.0000,0.0000,0.0000,0.5003,0.0001,200,4.7064
0.3015,0.0000,0.0000,0.0000,0.3014,0.0000,200,4.9054
0.0011,0.0000,0.0000,0.0000,0.0010,0.0000,200,5.2059
0.8015,0.0000,0.0000,0.0000,0.8013,0.0001,200,4.4055
0.8005,0.0000,0.0000,0.0000,0.8004,0.0000,200,4.4065
0.0012,0.0000,0.0000,0.0001,0.0011,0.0000,200,5.2059
0.3005,0.0000,0.0000,0.0000,0.3004,0.0000,200,4.9066
0.3014,0.0000,0.0000,0.0000,0.3013,0.0000,200,4.9057
0.3010,0.0000,0.0000,0.0000,0.3008,0.0001,200,4.9063
0.0011,0.0000,0.0000,0.0000,0.0010,0.0001,200,5.2062
0.3010,0.0000,0.0000,0.0000,0.3009,0.0001,200,4.9063
0.3021,0.0000,0.0000,0.0000,0.3020,0.0000,200,4.9054
0.0014,0.0000,0.0000,0.0000,0.0013,0.0000,200,5.2061
0.8014,0.0000,0.0000,0.0000,0.8013,0.0000,200,4.4061
0.0016,0.0000,0.0000,0.0001,0.0013,0.0000,200,5.2060
0.0015,0.0000,0.0000,0.0001,0.0014,0.0000,200,5.2061
0.3020,0.0000,0.0000,0.0001,0.3019,0.0000,200,4.9057
0.0014,0.0000,0.0000,0.0001,0.0012,0.0001,200,5.2062
0.0018,0.0000,0.0000,0.0001,0.0016,0.0001,200,5.2061
0.0017,0.0000,0.0000,0.0000,0.0016,0.0000,200,5.2064
0.0017,0.0000,0.0000,0.0000,0.0016,0.0000,200,5.2065
0.0011,0.0000,0.0000,0.0000,0.0010,0.0000,200,5.2071
0.0020,0.0000,0.0000,0.0000,0.0018,0.0000,200,5.2063
0.0021,0.0000,0.0000,0.0000,0.0020,0.0000,200,5.2063
0.0015,0.0000,0.0000,0.0000,0.0014,0.0000,200,5.2070
0.0018,0.0000,0.0000,0.0000,0.0017,0.0000,200,5.2068
0.0019,0.0000,0.0000,0.0000,0.0018,0.0000,200,5.2067
0.0021,0.0000,0.0000,0.0000,0.0020,0.0000,200,5.2067
0.0027,0.0000,0.0000,0.0000,0.0025,0.0000,200,5.2063
0.0964,0.0000,0.0000,0.0000,0.0963,0.0001,200,5.2088
0.0993,0.0000,0.0000,0.0000,0.0992,0.0001,200,5.2061
0.0991,0.0000,0.0000,0.0001,0.0990,0.0001,200,5.2065
0.0997,0.0000,0.0000,0.0000,0.0995,0.0001,200,5.2062
0.0996,0.0000,0.0000,0.0000,0.0995,0.0001,200,5.2065
0.0974,0.0000,0.0000,0.0000,0.0973,0.0001,200,5.2089
0.0990,0.0000,0.0000,0.0000,0.0989,0.0001,200,5.2075
0.0981,0.0000,0.0000,0.0000,0.0980,0.0001,200,5.2086
0.0983,0.0000,0.0000,0.0000,0.0982,0.0001,200,5.2086
0.0985,0.0000,0.0000,0.0000,0.0984,0.0001,200,5.2085
0.0996,0.0000,0.0000,0.0000,0.0995,0.0001,200,5.2077
0.0992,0.0000,0.0000,0.0000,0.0991,0.0000,200,5.2084
0.1984,0.0000,0.0000,0.0000,0.1982,0.0001,200,5.2068
0.1970,0.0000,0.0000,0.0000,0.1969,0.0001,200,5.2082
0.1996,0.0000,0.0000,0.0000,0.1994,0.0001,200,5.2057
0.1970,0.0000,0.0000,0.0000,0.1969,0.0001,200,5.2082
0.1977,0.0000,0.0000,0.0000,0.1975,0.0001,200,5.2076
0.1981,0.0000,0.0000,0.0000,0.1979,0.0000,200,5.2073
0.0993,0.0000,0.0000,0.0000,0.0991,0.0001,200,5.3061
0.1980,0.0000,0.0000,0.0000,0.1978,0.0001,200,5.2074
0.1974,0.0000,0.0000,0.0000,0.1972,0.0001,200,5.2081
0.1981,0.0000,0.0000,0.0000,0.1980,0.0001,200,5.2074
0.0990,0.0000,0.0000,0.0000,0.0989,0.0000,200,5.3066
0.1993,0.0000,0.0000,0.0000,0.1991,0.0001,200,5.2063
1.0994,0.0000,0.0000,0.0000,1.0992,0.0001,200,4.4057
0.4984,0.0000,0.0000,0.0000,0.4983,0.0001,200,5.2075
0.3005,0.0000,0.0000,0.0000,0.3004,0.0001,200,5.4055
0.3005,0.0000,0.0000,0.0000,0.3003,0.0001,200,5.4056
0.8000,0.0000,0.0000,0.0000,0.7999,0.0000,200,4.9060
0.3006,0.0000,0.0000,0.0000,0.3004,0.0001,200,5.4056
0.3007,0.0000,0.0000,0.0000,0.3005,0.0000,200,5.4054
0.3008,0.0000,0.0000,0.0001,0.3006,0.0001,200,5.4053
0.3007,0.0000,0.0000,0.0000,0.3004,0.0001,200,5.4055
0.3010,0.0000,0.0000,0.0000,0.3008,0.0001,200,5.4053
0.3009,0.0000,0.0000,0.0000,0.3007,0.0000,200,5.4054
0.3010,0.0000,0.0000,0.0000,0.3009,0.0000,200,5.4053
0.4992,0.0000,0.0000,0.0000,0.4991,0.0001,200,5.2071
0.2012,0.0000,0.0000,0.0000,0.2011,0.0001,200,5.5051
0.3011,0.0000,0.0000,0.0000,0.3010,0.0000,200,5.4052
0.4995,0.0000,0.0000,0.0000,0.4994,0.0001,200,5.2069
0.4981,0.0000,0.0000,0.0000,0.4980,0.0001,200,5.2083
0.3014,0.0000,0.0000,0.0000,0.3013,0.0001,200,5.4051
0.3011,0.0000,0.0000,0.0001,0.3010,0.0000,200,5.4054
0.9979,0.0000,0.0000,0.0000,0.9977,0.0001,200,5.2075
0.9996,0.0000,0.0000,0.0000,0.9995,0.0001,200,5.2059
0.9980,0.0000,0.0000,0.0000,0.9979,0.0001,200,5.2075
0.4992,0.0000,0.0000,0.0000,0.4990,0.0000,200,5.7063
1.2993,0.0000,0.0000,0.0001,1.2992,0.0001,200,4.9063
0.9980,0.0000,0.0000,0.0000,0.9979,0.0001,200,5.2076
0.9990,0.0000,0.0000,0.0000,0.9989,0.0000,200,5.2067
0.4994,0.0000,0.0000,0.0000,0.4991,0.0001,200,5.7063
0.4997,0.0000,0.0000,0.0001,0.4995,0.0000,200,5.7061
0.9001,0.0000,0.0000,0.0000,0.9000,0.0001,200,5.3056
0.4994,0.0000,0.0000,0.0001,0.4992,0.0001,200,5.7063
0.4994,0.0000,0.0000,0.0000,0.4993,0.0001,200,5.7064
0.4997,0.0000,0.0000,0.0000,0.4995,0.0001,200,5.7061
0.8990,0.0000,0.0000,0.0000,0.8989,0.0000,200,5.3069
0.9993,0.0000,0.0000,0.0000,0.9992,0.0000,200,5.2066
0.4996,0.0000,0.0000,0.0000,0.4995,0.0001,200,5.7063
0.4998,0.0000,0.0000,0.0000,0.4996,0.0001,200,5.7062
0.4996,0.0000,0.0000,0.0001,0.4995,0.0000,200,5.7063
0.9981,0.0000,0.0000,0.0000,0.9980,0.0001,200,5.2079
0.9006,0.0000,0.0000,0.0000,0.9005,0.0000,200,5.3054
0.9996,0.0000,0.0000,0.0000,0.9995,0.0000,200,5.2064
0.9992,0.0000,0.0000,0.0000,0.9991,0.0000,200,5.2069
0.5001,0.0000,0.0000,0.0000,0.4999,0.0001,200,5.7060
0.8991,0.0000,0.0000,0.0000,0.8990,0.0000,200,5.3070
0.5002,0.0000,0.0000,0.0000,0.5001,0.0001,200,5.7059
0.5002,0.0000,0.0000,0.0000,0.5000,0.0001,200,5.7061
0.5002,0.0000,0.0000,0.0000,0.5001,0.0000,200,5.7061
0.5001,0.0000,0.0000,0.0000,0.5000,0.0000,200,5.7063
0.9988,0.0000,0.0000,0.0000,0.9987,0.0000,200,5.2076
0.9006,0.0000,0.0000,0.0000,0.9005,0.0001,200,5.3059
1.0009,0.0000,0.0000,0.0000,1.0007,0.0001,200,5.2057
0.5003,0.0000,0.0000,0.0000,0.5002,0.0000,200,5.7064
0.5006,0.0000,0.0000,0.0000,0.5005,0.0000,200,5.7061
0.5002,0.0000,0.0000,0.0000,0.5001,0.0001,200,5.7065
0.0013,0.0000,0.0000,0.0001,0.0010,0.0001,200,6.2055
1.0007,0.0000,0.0000,0.0000,1.0005,0.0001,200,5.2062
0.8996,0.0000,0.0000,0.0000,0.8995,0.0000,200,5.3073
0.0016,0.0000,0.0000,0.0000,0.0014,0.0001,200,6.2055
0.5007,0.0000,0.0000,0.0000,0.5005,0.0000,200,5.7065
1.0004,0.0000,0.0000,0.0000,1.0003,0.0001,200,5.2069
0.0015,0.0000,0.0000,0.0001,0.0013,0.0001,200,6.2058
0.9022,0.0000,0.0000,0.0000,0.9019,0.0001,200,5.3052
0.0014,0.0000,0.0000,0.0000,0.0013,0.0001,200,6.2060
0.0015,0.0000,0.0000,0.0000,0.0014,0.0001,200,6.2060
0.0018,0.0000,0.0000,0.0000,0.0017,0.0000,200,6.2057
0.0022,0.0000,0.0000,0.0000,0.0020,0.0001,200,6.2054
0.0019,0.0000,0.0000,0.0000,0.0018,0.0001,200,6.2057
0.0013,0.0000,0.0000,0.0000,0.0012,0.0001,200,6.2062
0.0016,0.0000,0.0000,0.0000,0.0015,0.0000,200,6.2060
0.0018,0.0000,0.0000,0.0000,0.0017,0.0000,200,6.2059
0.0018,0.0000,0.0000,0.0000,0.0017,0.0000,200,6.2059
0.0016,0.0000,0.0000,0.0001,0.0015,0.0000,200,6.2061
0.9011,0.0000,0.0000,0.0000,0.9010,0.0000,200,5.3066
0.0022,0.0000,0.0000,0.0000,0.0021,0.0000,200,6.2056
0.9014,0.0000,0.0000,0.0000,0.9013,0.0000,200,5.3063
0.0023,0.0000,0.0000,0.0000,0.0022,0.0000,200,6.2056
0.0022,0.0000,0.0000,0.0000,0.0021,0.0001,200,6.2056
0.0020,0.0000,0.0000,0.0000,0.0019,0.0000,200,6.2059
1.0010,0.0000,0.0000,0.0000,1.0008,0.0000,200,5.2070
0.0023,0.0000,0.0000,0.0000,0.0022,0.0000,200,6.2058
0.0021,0.0000,0.0000,0.0000,0.0020,0.0000,200,6.2062
0.9009,0.0000,0.0000,0.0000,0.9008,0.0000,200,5.3076
0.3016,0.0000,0.0000,0.0000,0.3015,0.0001,200,6.2080
0.3013,0.0000,0.0000,0.0000,0.3012,0.0001,200,6.2083
0.3019,0.0000,0.0000,0.0000,0.3018,0.0001,200,6.2078
0.3021,0.0000,0.0000,0.0000,0.3019,0.0001,200,6.2077
0.3021,0.0000,0.0000,0.0000,0.3019,0.0001,200,6.2077
0.3020,0.0000,0.0000,0.0000,0.3019,0.0001,200,6.2078
0.3042,0.0000,0.0000,0.0000,0.3041,0.0001,200,6.2057
0.3023,0.0000,0.0000,0.0000,0.3022,0.0000,200,6.2076
0.3979,0.0000,0.0000,0.0001,0.3978,0.0001,200,6.2076
0.3981,0.0000,0.0000,0.0000,0.3979,0.0001,200,6.2074
0.3975,0.0000,0.0000,0.0000,0.3974,0.0001,200,6.2080
0.3982,0.0000,0.0000,0.0000,0.3980,0.0001,200,6.2075
0.3999,0.0000,0.0000,0.0000,0.3997,0.0001,200,6.2057
0.3989,0.0000,0.0000,0.0000,0.3988,0.0001,200,6.2068
0.3983,0.0000,0.0000,0.0000,0.3982,0.0000,200,6.2074
0.3978,0.0000,0.0000,0.0000,0.3977,0.0001,200,6.2080
0.3981,0.0000,0.0000,0.0000,0.3981,0.0000,200,6.2077
0.3994,0.0000,0.0000,0.0000,0.3993,0.0001,200,6.2064
1.3986,0.0000,0.0000,0.0000,1.3985,0.0000,200,5.2074
0.3993,0.0000,0.0000,0.0000,0.3992,0.0000,200,6.2067
0.3985,0.0000,0.0000,0.0000,0.3984,0.0001,200,6.2077
0.0013,0.0000,0.0000,0.0000,0.0011,0.0001,200,6.6055
0.0012,0.0000,0.0000,0.0000,0.0011,0.0001,200,6.6057
0.3994,0.0000,0.0000,0.0000,0.3993,0.0000,200,6.2076
0.0011,0.0000,0.0000,0.0000,0.0010,0.0000,200,6.6060
0.0015,0.0000,0.0000,0.0000,0.0014,0.0001,200,6.6057
0.0015,0.0000,0.0000,0.0000,0.0013,0.0001,200,6.6058
0.0020,0.0000,0.0000,0.0000,0.0019,0.0001,200,6.6055
0.0019,0.0000,0.0000,0.0000,0.0018,0.0001,200,6.6056
0.0013,0.0000,0.0000,0.0000,0.0012,0.0001,200,6.6063
0.0981,0.0000,0.0000,0.0000,0.0979,0.0001,200,6.5098
0.4002,0.0000,0.0000,0.0000,0.4001,0.0000,200,6.2077
0.4008,0.0000,0.0000,0.0000,0.4007,0.0001,200,6.2072
0.0983,0.0000,0.0000,0.0001,0.0982,0.0001,200,6.5098
0.0986,0.0000,0.0000,0.0000,0.0984,0.0000,200,6.5096
0.6993,0.0000,0.0000,0.0000,0.6992,0.0001,200,6.2060
0.2973,0.0000,0.0000,0.0000,0.2972,0.0001,200,6.6082
0.6992,0.0000,0.0000,0.0000,0.6991,0.0000,200,6.2063
0.6983,0.0000,0.0000,0.0000,0.6981,0.0001,200,6.2073
0.3956,0.0000,0.0000,0.0000,0.3955,0.0001,200,6.5099
1.6982,0.0000,0.0000,0.0000,1.6981,0.0001,200,5.2074
0.6988,0.0000,0.0000,0.0000,0.6987,0.0000,200,6.2069
0.5978,0.0000,0.0000,0.0000,0.5977,0.0001,200,6.6075
0.9979,0.0000,0.0000,0.0000,0.9978,0.0001,200,6.2076
0.6956,0.0000,0.0000,0.0000,0.6955,0.0000,200,6.5099
0.9982,0.0000,0.0000,0.0000,0.9980,0.0001,200,6.2075
0.9988,0.0000,0.0000,0.0000,0.9986,0.0001,200,6.2069
0.6001,0.0000,0.0000,0.0000,0.6000,0.0001,200,6.6055
0.9972,0.0000,0.0000,0.0000,0.9971,0.0001,200,6.2085
0.6000,0.0000,0.0000,0.0000,0.5999,0.0001,200,6.6056
0.6000,0.0000,0.0000,0.0000,0.5998,0.0001,200,6.6057
0.6959,0.0000,0.0000,0.0000,0.6957,0.0001,200,6.5098
0.9996,0.0000,0.0000,0.0000,0.9994,0.0001,200,6.2061
0.3003,0.0000,0.0000,0.0000,0.3002,0.0001,200,6.9055
0.5989,0.0000,0.0000,0.0000,0.5988,0.0001,200,6.6069
0.9985,0.0000,0.0000,0.0000,0.9983,0.0001,200,6.2074
0.5998,0.0000,0.0000,0.0000,0.5996,0.0001,200,6.6061
0.5980,0.0000,0.0000,0.0000,0.5979,0.0000,200,6.6079
0.9993,0.0000,0.0000,0.0001,0.9991,0.0001,200,6.2066
0.9999,0.0000,0.0000,0.0000,0.9997,0.0000,200,6.2062
0.3005,0.0000,0.0000,0.0000,0.3003,0.0000,200,6.9056
0.5985,0.0000,0.0000,0.0000,0.5984,0.0000,200,6.6076
0.5986,0.0000,0.0000,0.0000,0.5985,0.0000,200,6.6075
0.0010,0.0000,0.0000,0.0000,0.0008,0.0001,200,7.2053
1.0005,0.0000,0.0000,0.0000,1.0004,0.0000,200,6.2058
1.0001,0.0000,0.0000,0.0000,0.9999,0.0001,200,6.2063
0.6006,0.0000,0.0000,0.0000,0.6005,0.0001,200,6.6059
0.3009,0.0000,0.0000,0.0000,0.3008,0.0000,200,6.9056
0.9997,0.0000,0.0000,0.0000,0.9996,0.0001,200,6.2067
0.5990,0.0000,0.0000,0.0000,0.5989,0.0000,200,6.6075
0.5985,0.0000,0.0000,0.0000,0.5984,0.0000,200,6.6080
1.0008,0.0000,0.0000,0.0000,1.0006,0.0001,200,6.2058
0.9992,0.0000,0.0000,0.0000,0.9990,0.0001,200,6.2074
0.5991,0.0000,0.0000,0.0000,0.5990,0.0001,200,6.6076
0.3010,0.0000,0.0000,0.0000,0.3009,0.0000,200,6.9057
0.0011,0.0000,0.0000,0.0000,0.0009,0.0000,200,7.2057
0.0013,0.0000,0.0000,0.0000,0.0012,0.0000,200,7.2054
0.5995,0.0000,0.0000,0.0000,0.5993,0.0001,200,6.6074
1.0005,0.0000,0.0000,0.0000,1.0004,0.0001,200,6.2064
0.3017,0.0000,0.0000,0.0000,0.3015,0.0000,200,6.9053
0.9993,0.0000,0.0000,0.0000,0.9992,0.0001,200,6.2077
0.6975,0.0000,0.0000,0.0000,0.6974,0.0000,200,6.5096
0.6003,0.0000,0.0000,0.0000,0.6002,0.0000,200,6.6068
0.0015,0.0000,0.0000,0.0000,0.0013,0.0001,200,7.2057
0.0015,0.0000,0.0000,0.0000,0.0014,0.0000,200,7.2057
0.0014,0.0000,0.0000,0.0000,0.0013,0.0000,200,7.2058
0.0016,0.0000,0.0000,0.0001,0.0014,0.0000,200,7.2057
0.5992,0.0000,0.0000,0.0000,0.5991,0.0000,200,6.6081
0.5999,0.0000,0.0000,0.0000,0.5998,0.0001,200,6.6074
0.0015,0.0000,0.0000,0.0000,0.0014,0.0000,200,7.2060
0.3020,0.0000,0.0000,0.0000,0.3019,0.0001,200,6.9055
0.6977,0.0000,0.0000,0.0000,0.6975,0.0001,200,6.5099
0.0013,0.0000,0.0000,0.0000,0.0012,0.0000,200,7.2063
1.0002,0.0000,0.0000,0.0000,1.0001,0.0001,200,6.2076
0.0020,0.0000,0.0000,0.0000,0.0018,0.0001,200,7.2059
0.0022,0.0000,0.0000,0.0000,0.0020,0.0001,200,7.2057
0.0022,0.0000,0.0000,0.0000,0.0021,0.0000,200,7.2058
0.0022,0.0000,0.0000,0.0000,0.0021,0.0000,200,7.2058
0.0023,0.0000,0.0000,0.0000,0.0022,0.0000,200,7.2057
0.0025,0.0000,0.0000,0.0000,0.0024,0.0000,200,7.2057
0.0018,0.0000,0.0000,0.0000,0.0016,0.0000,200,7.2065
0.0024,0.0000,0.0000,0.0000,0.0023,0.0001,200,7.2058
0.0026,0.0000,0.0000,0.0000,0.0025,0.0000,200,7.2057
0.0029,0.0000,0.0000,0.0001,0.0027,0.0000,200,7.2055
0.0017,0.0000,0.0000,0.0000,0.0016,0.0000,200,7.2068
0.0014,0.0000,0.0000,0.0000,0.0013,0.0000,200,7.2071
0.0021,0.0000,0.0000,0.0001,0.0019,0.0000,200,7.2065
0.0011,0.0000,0.0000,0.0000,0.0011,0.0000,200,7.2075
0.0022,0.0000,0.0000,0.0000,0.0021,0.0000,200,7.2065
0.0012,0.0000,0.0000,0.0000,0.0010,0.0001,200,7.2075
0.0014,0.0000,0.0000,0.0001,0.0013,0.0000,200,7.2073
0.0013,0.0000,0.0000,0.0000,0.0012,0.0000,200,7.2075
0.0011,0.0000,0.0000,0.0000,0.0010,0.0000,200,7.2077
0.0020,0.0000,0.0000,0.0000,0.0019,0.0000,200,7.2069
0.0023,0.0000,0.0000,0.0000,0.0022,0.0000,200,7.2065
0.0031,0.0000,0.0000,0.0000,0.0030,0.0000,200,7.2058
0.0029,0.0000,0.0000,0.0000,0.0028,0.0000,200,7.2061
0.0021,0.0000,0.0000,0.0000,0.0020,0.0000,200,7.2070
0.0027,0.0000,0.0000,0.0000,0.0024,0.0001,200,7.2064
0.0025,0.0000,0.0000,0.0000,0.0024,0.0000,200,7.2066
0.0029,0.0000,0.0000,0.0000,0.0028,0.0000,200,7.2063
0.0032,0.0000,0.0000,0.0000,0.0031,0.0001,200,7.2061
0.0026,0.0000,0.0000,0.0000,0.0025,0.0001,200,7.2067
0.0020,0.0000,0.0000,0.0000,0.0019,0.0000,200,7.2073
0.2976,0.0000,0.0000,0.0000,0.2974,0.0001,200,7.2075
0.2957,0.0000,0.0000,0.0000,0.2956,0.0001,200,7.2094
0.2976,0.0000,0.0000,0.0000,0.2974,0.0001,200,7.2076
0.2987,0.0000,0.0000,0.0000,0.2984,0.0000,200,7.2065
0.2968,0.0000,0.0000,0.0000,0.2967,0.0001,200,7.2085
0.2959,0.0000,0.0000,0.0000,0.2958,0.0000,200,7.2094
0.2959,0.0000,0.0000,0.0000,0.2958,0.0000,200,7.2095
0.2959,0.0000,0.0000,0.0000,0.2957,0.0001,200,7.2095
0.2962,0.0000,0.0000,0.0000,0.2960,0.0001,200,7.2092
0.2962,0.0000,0.0000,0.0000,0.2961,0.0001,200,7.2093
0.2966,0.0000,0.0000,0.0000,0.2965,0.0000,200,7.2090
0.2963,0.0000,0.0000,0.0000,0.2962,0.0000,200,7.2093
0.2964,0.0000,0.0000,0.0000,0.2962,0.0001,200,7.2092
0.2964,0.0000,0.0000,0.0000,0.2963,0.0000,200,7.2092
0.2965,0.0000,0.0000,0.0000,0.2964,0.0000,200,7.2091
0.2967,0.0000,0.0000,0.0000,0.2965,0.0001,200,7.2091
0.2978,0.0000,0.0000,0.0000,0.2977,0.0001,200,7.2080
0.5963,0.0000,0.0000,0.0000,0.5962,0.0001,200,7.2089
0.5970,0.0000,0.0000,0.0000,0.5970,0.0001,200,7.2086
0.5976,0.0000,0.0000,0.0000,0.5975,0.0001,200,7.2083
0.5995,0.0000,0.0000,0.0000,0.5993,0.0001,200,7.2066
0.3005,0.0000,0.0000,0.0000,0.3004,0.0000,200,7.5056
0.5973,0.0000,0.0000,0.0000,0.5972,0.0000,200,7.2089
0.3006,0.0000,0.0000,0.0000,0.3004,0.0001,200,7.5056
0.3009,0.0000,0.0000,0.0000,0.3008,0.0001,200,7.5053
0.3013,0.0000,0.0000,0.0000,0.3011,0.0001,200,7.5050
0.3011,0.0000,0.0000,0.0000,0.3010,0.0001,200,7.5052
0.3009,0.0000,0.0000,0.0000,0.3007,0.0002,200,7.5054
0.3010,0.0000,0.0000,0.0000,0.3008,0.0001,200,7.5054
0.5983,0.0000,0.0000,0.0000,0.5982,0.0001,200,7.2084
0.3016,0.0000,0.0000,0.0000,0.3015,0.0001,200,7.5051
0.3012,0.0000,0.0000,0.0000,0.3011,0.0001,200,7.5058
0.7978,0.0000,0.0000,0.0000,0.7977,0.0001,200,7.2074
0.7991,0.0000,0.0000,0.0000,0.7990,0.0001,200,7.2062
0.4997,0.0000,0.0000,0.0000,0.4996,0.0000,200,7.5056
0.7967,0.0000,0.0000,0.0000,0.7965,0.0001,200,7.2087
0.7970,0.0000,0.0000,0.0000,0.7968,0.0001,200,7.2084
0.1998,0.0000,0.0000,0.0000,0.1996,0.0001,200,7.8056
0.5001,0.0000,0.0000,0.0000,0.4999,0.0001,200,7.5054
0.2003,0.0000,0.0000,0.0000,0.2002,0.0001,200,7.8052
0.1992,0.0000,0.0000,0.0000,0.1991,0.0001,200,7.8063
0.7968,0.0000,0.0000,0.0000,0.7967,0.0000,200,7.2087
0.2990,0.0000,0.0000,0.0000,0.2989,0.0001,200,7.8063
1.2969,0.0000,0.0000,0.0000,1.2968,0.0001,200,7.2083
1.2982,0.0000,0.0000,0.0000,1.2981,0.0001,200,7.2071
0.5000,0.0000,0.0000,0.0000,0.4998,0.0001,200,8.0054
1.2971,0.0000,0.0000,0.0000,1.2970,0.0001,200,7.2082
0.6993,0.0000,0.0000,0.0000,0.6991,0.0001,200,7.8062
0.5002,0.0000,0.0000,0.0000,0.5001,0.0001,200,8.0053
0.6994,0.0000,0.0000,0.0000,0.6992,0.0001,200,7.8061
0.6995,0.0000,0.0000,0.0000,0.6993,0.0001,200,7.8060
1.2980,0.0000,0.0000,0.0000,1.2978,0.0001,200,7.2075
1.2980,0.0000,0.0000,0.0000,1.2979,0.0001,200,7.2075
0.6986,0.0000,0.0000,0.0000,0.6985,0.0001,200,7.8069
1.2977,0.0000,0.0000,0.0000,1.2976,0.0001,200,7.2079
0.5001,0.0000,0.0000,0.0000,0.4999,0.0001,200,8.0055
1.2991,0.0000,0.0000,0.0000,1.2988,0.0000,200,7.2065
0.6994,0.0000,0.0000,0.0000,0.6992,0.0001,200,7.8063
1.2978,0.0000,0.0000,0.0000,1.2976,0.0001,200,7.2079
0.5005,0.0000,0.0000,0.0000,0.5003,0.0002,200,8.0052
1.0001,0.0000,0.0000,0.0000,1.0000,0.0001,200,7.5056
1.2982,0.0000,0.0000,0.0000,1.2980,0.0001,200,7.2076
0.5004,0.0000,0.0000,0.0000,0.5003,0.0001,200,8.0053
1.2968,0.0000,0.0000,0.0000,1.2967,0.0001,200,7.2090
0.6995,0.0000,0.0000,0.0000,0.6994,0.0001,200,7.8063
0.5003,0.0000,0.0000,0.0000,0.5001,0.0001,200,8.0055
1.2978,0.0000,0.0000,0.0000,1.2978,0.0000,200,7.2080
0.4006,0.0000,0.0000,0.0000,0.4004,0.0000,200,8.1053
0.6995,0.0000,0.0000,0.0000,0.6995,0.0000,200,7.8063
1.0007,0.0000,0.0000,0.0000,1.0006,0.0001,200,7.5052
0.5005,0.0000,0.0000,0.0000,0.5003,0.0001,200,8.0054
1.2990,0.0000,0.0000,0.0000,1.2989,0.0001,200,7.2069
0.6992,0.0000,0.0000,0.0000,0.6991,0.0001,200,7.8067
0.5005,0.0000,0.0000,0.0000,0.5003,0.0001,200,8.0055
1.8981,0.0000,0.0000,0.0000,1.8980,0.0001,200,6.6079
1.2992,0.0000,0.0000,0.0000,1.2990,0.0001,200,7.2070
1.6006,0.0000,0.0000,0.0001,1.6004,0.0001,200,6.9056
1.2982,0.0000,0.0000,0.0000,1.2981,0.0000,200,7.2080
0.5008,0.0000,0.0000,0.0000,0.5007,0.0001,200,8.0054
1.0005,0.0000,0.0000,0.0000,1.0003,0.0001,200,7.5058
0.6996,0.0000,0.0000,0.0000,0.6995,0.0000,200,7.8067
0.5009,0.0000,0.0000,0.0000,0.5008,0.0001,200,8.0056
1.0009,0.0000,0.0000,0.0000,1.0008,0.0000,200,7.5055
0.0010,0.0000,0.0000,0.0000,0.0009,0.0000,200,8.5055
0.0013,0.0000,0.0000,0.0000,0.0012,0.0000,200,8.5052
1.2983,0.0000,0.0000,0.0000,1.2983,0.0000,200,7.2082
0.7003,0.0000,0.0000,0.0000,0.7001,0.0001,200,7.8062
0.0014,0.0000,0.0000,0.0000,0.0012,0.0001,200,8.5052
0.0011,0.0000,0.0000,0.0000,0.0009,0.0000,200,8.5055
0.0013,0.0000,0.0000,0.0000,0.0012,0.0000,200,8.5054
0.0014,0.0000,0.0000,0.0000,0.0012,0.0001,200,8.5054
0.0013,0.0000,0.0000,0.0000,0.0011,0.0000,200,8.5056
0.0014,0.0000,0.0000,0.0001,0.0012,0.0001,200,8.5055
0.0014,0.0000,0.0000,0.0000,0.0013,0.0000,200,8.5055
0.0015,0.0000,0.0000,0.0000,0.0013,0.0001,200,8.5056
0.0016,0.0000,0.0000,0.0000,0.0015,0.0000,200,8.5056
1.0024,0.0000,0.0000,0.0000,1.0023,0.0000,200,7.5054
1.0028,0.0000,0.0000,0.0000,1.0027,0.0001,200,7.5055
0.7025,0.0000,0.0000,0.0000,0.7024,0.0000,200,7.8060
0.0995,0.0000,0.0000,0.0000,0.0993,0.0001,200,8.5058
0.0997,0.0000,0.0000,0.0000,0.0995,0.0001,200,8.5057
0.0970,0.0000,0.0000,0.0000,0.0969,0.0001,200,8.5084
0.2981,0.0000,0.0000,0.0000,0.2980,0.0001,200,8.5075
0.2992,0.0000,0.0000,0.0000,0.2990,0.0001,200,8.5065
0.2982,0.0000,0.0000,0.0000,0.2981,0.0001,200,8.5076
0.2999,0.0000,0.0000,0.0000,0.2998,0.0001,200,8.5059
0.2997,0.0000,0.0000,0.0000,0.2997,0.0000,200,8.5061
0.2994,0.0000,0.0000,0.0000,0.2993,0.0000,200,8.5065
0.3004,0.0000,0.0000,0.0000,0.3002,0.0001,200,8.5056
0.2994,0.0000,0.0000,0.0000,0.2993,0.0000,200,8.5068
0.2997,0.0000,0.0000,0.0000,0.2996,0.0000,200,8.5066
0.3000,0.0000,0.0000,0.0001,0.2999,0.0001,200,8.5065
0.3003,0.0000,0.0000,0.0000,0.3002,0.0000,200,8.5062
0.3010,0.0000,0.0000,0.0001,0.3008,0.0001,200,8.5058
0.2994,0.0000,0.0000,0.0000,0.2993,0.0000,200,8.5074
0.3014,0.0000,0.0000,0.0000,0.3012,0.0001,200,8.5057
0.3012,0.0000,0.0000,0.0001,0.3010,0.0000,200,8.5059
0.2995,0.0000,0.0000,0.0000,0.2994,0.0001,200,8.5078
0.3015,0.0000,0.0000,0.0000,0.3014,0.0001,200,8.5059
0.1991,0.0000,0.0000,0.0000,0.1990,0.0001,200,8.8071
0.1996,0.0000,0.0000,0.0000,0.1995,0.0001,200,8.8067
0.4990,0.0000,0.0000,0.0000,0.4988,0.0001,200,8.5075
0.6978,0.0000,0.0000,0.0000,0.6977,0.0001,200,8.5075
0.6995,0.0000,0.0000,0.0000,0.6993,0.0001,200,8.5059
0.6997,0.0000,0.0000,0.0000,0.6996,0.0001,200,8.5057
0.7987,0.0000,0.0000,0.0000,0.7986,0.0001,200,8.5066
0.0012,0.0000,0.0000,0.0000,0.0010,0.0001,200,9.3053
0.0011,0.0000,0.0000,0.0000,0.0010,0.0000,200,9.3065
0.0011,0.0000,0.0000,0.0000,0.0010,0.0001,200,9.3076
1.0990,0.0000,0.0000,0.0000,1.0988,0.0001,200,8.5064
1.0003,0.0000,0.0000,0.0000,1.0002,0.0001,200,8.6053
1.1000,0.0000,0.0000,0.0000,1.0998,0.0000,200,8.5056
1.0002,0.0000,0.0000,0.0000,1.0001,0.0001,200,8.6054
1.0998,0.0000,0.0000,0.0000,1.0997,0.0001,200,8.5058
0.7993,0.0000,0.0000,0.0000,0.7992,0.0001,200,8.8063
0.7999,0.0000,0.0000,0.0000,0.7998,0.0001,200,8.8057
1.0997,0.0000,0.0000,0.0000,1.0995,0.0001,200,8.5060
0.7998,0.0000,0.0000,0.0000,0.7996,0.0001,200,8.8059
0.4003,0.0000,0.0000,0.0000,0.4002,0.0000,200,9.2054
0.7993,0.0000,0.0000,0.0000,0.7992,0.0001,200,8.8065
1.0973,0.0000,0.0000,0.0000,1.0972,0.0001,200,8.5085
0.7998,0.0000,0.0000,0.0000,0.7997,0.0001,200,8.8060
0.7996,0.0000,0.0000,0.0000,0.7995,0.0001,200,8.8062
1.0999,0.0000,0.0000,0.0000,1.0997,0.0001,200,8.5059
1.1001,0.0000,0.0000,0.0000,1.0999,0.0001,200,8.5057
0.7991,0.0000,0.0000,0.0000,0.7990,0.0001,200,8.8068
1.0996,0.0000,0.0000,0.0000,1.0994,0.0001,200,8.5063
1.1004,0.0000,0.0000,0.0000,1.1002,0.0001,200,8.5055
1.0006,0.0000,0.0000,0.0000,1.0003,0.0001,200,8.6054
0.7994,0.0000,0.0000,0.0000,0.7993,0.0001,200,8.8065
1.0998,0.0000,0.0000,0.0000,1.0996,0.0002,200,8.5062
1.0995,0.0000,0.0000,0.0000,1.0993,0.0001,200,8.5065
0.7987,0.0000,0.0000,0.0000,0.7986,0.0001,200,8.8073
0.8002,0.0000,0.0000,0.0000,0.8001,0.0001,200,8.8059
1.0996,0.0000,0.0000,0.0000,1.0994,0.0001,200,8.5065
0.8005,0.0000,0.0000,0.0000,0.8004,0.0000,200,8.8056
1.1004,0.0000,0.0000,0.0000,1.1002,0.0001,200,8.5057
1.1006,0.0000,0.0000,0.0000,1.1005,0.0000,200,8.5058
0.6004,0.0000,0.0000,0.0000,0.6003,0.0001,200,9.0063
1.0996,0.0000,0.0000,0.0000,1.0995,0.0000,200,8.5073
0.8010,0.0000,0.0000,0.0000,0.8009,0.0000,200,8.8059
0.7997,0.0000,0.0000,0.0000,0.7996,0.0001,200,8.8074
1.1008,0.0000,0.0000,0.0000,1.1007,0.0000,200,8.5063
0.6011,0.0000,0.0000,0.0000,0.6010,0.0001,200,9.0062
1.1015,0.0000,0.0000,0.0001,1.1013,0.0001,200,8.5059
0.4021,0.0000,0.0000,0.0000,0.4020,0.0001,200,9.2052
0.8018,0.0000,0.0000,0.0000,0.8017,0.0000,200,8.8057
0.4022,0.0000,0.0000,0.0000,0.4021,0.0001,200,9.2054
1.1015,0.0000,0.0000,0.0000,1.1014,0.0000,200,8.5062
1.1018,0.0000,0.0000,0.0000,1.1017,0.0000,200,8.5060
0.6022,0.0000,0.0000,0.0000,0.6021,0.0000,200,9.0064
0.2993,0.0000,0.0000,0.0000,0.2992,0.0000,200,9.3095
1.1995,0.0000,0.0000,0.0000,1.1993,0.0001,200,8.5057
0.0966,0.0000,0.0000,0.0000,0.0965,0.0001,200,9.6086
0.8982,0.0000,0.0000,0.0000,0.8980,0.0001,200,8.8071
0.2051,0.0000,0.0000,0.0000,0.2048,0.0001,200,9.6059
0.2036,0.0000,0.0000,0.0000,0.2035,0.0001,200,9.6075
0.2057,0.0000,0.0000,0.0001,0.2055,0.0001,200,9.6054
0.2053,0.0000,0.0000,0.0000,0.2052,0.0001,200,9.6058
0.2054,0.0000,0.0000,0.0000,0.2051,0.0001,200,9.6058
0.2053,0.0000,0.0000,0.0000,0.2051,0.0000,200,9.6058
0.2056,0.0000,0.0000,0.0002,0.2052,0.0001,200,9.6056
0.2048,0.0000,0.0000,0.0000,0.2047,0.0000,200,9.6064
0.2055,0.0000,0.0000,0.0000,0.2053,0.0001,200,9.6058
0.2036,0.0000,0.0000,0.0000,0.2035,0.0001,200,9.6078
0.2053,0.0000,0.0000,0.0000,0.2051,0.0001,200,9.6062
0.2060,0.0000,0.0000,0.0000,0.2057,0.0001,200,9.6056
0.2057,0.0000,0.0000,0.0000,0.2054,0.0001,200,9.6059
0.2041,0.0000,0.0000,0.0000,0.2040,0.0001,200,9.6076
0.2060,0.0000,0.0000,0.0000,0.2058,0.0000,200,9.6059
0.2063,0.0000,0.0000,0.0000,0.2061,0.0001,200,9.6057
0.2063,0.0000,0.0000,0.0000,0.2062,0.0000,200,9.6057
0.2049,0.0000,0.0000,0.0000,0.2048,0.0001,200,9.6074
0.2985,0.0000,0.0000,0.0000,0.2984,0.0001,200,9.6069
0.0945,0.0000,0.0000,0.0000,0.0944,0.0001,200,9.8110
0.3981,0.0000,0.0000,0.0001,0.3980,0.0001,200,9.6071
0.4978,0.0000,0.0000,0.0000,0.4976,0.0001,200,9.6074
0.7996,0.0000,0.0000,0.0000,0.7994,0.0001,200,9.6060
0.5001,0.0000,0.0000,0.0000,0.4999,0.0001,200,9.9055
0.5941,0.0000,0.0000,0.0000,0.5940,0.0001,200,9.8114
0.5944,0.0000,0.0000,0.0000,0.5943,0.0001,200,9.8111
0.7988,0.0000,0.0000,0.0000,0.7987,0.0001,200,9.6068
0.7004,0.0000,0.0000,0.0000,0.7002,0.0001,200,9.7052
0.7995,0.0000,0.0000,0.0000,0.7993,0.0001,200,9.6061
0.5944,0.0000,0.0000,0.0000,0.5943,0.0000,200,9.8112
0.8000,0.0000,0.0000,0.0000,0.7997,0.0001,200,9.6057
0.5945,0.0000,0.0000,0.0000,0.5944,0.0001,200,9.8112
0.7999,0.0000,0.0000,0.0000,0.7997,0.0001,200,9.6058
0.5943,0.0000,0.0000,0.0000,0.5942,0.0001,200,9.8114
0.5945,0.0000,0.0000,0.0000,0.5944,0.0001,200,9.8113
0.5934,0.0000,0.0000,0.0000,0.5933,0.0000,200,9.8123
0.5938,0.0000,0.0000,0.0000,0.5937,0.0000,200,9.8120
0.5942,0.0000,0.0000,0.0000,0.5941,0.0001,200,9.8116
0.8000,0.0000,0.0000,0.0000,0.7996,0.0003,200,9.6059
0.8000,0.0000,0.0000,0.0000,0.7995,0.0004,200,9.6060
0.8004,0.0000,0.0000,0.0000,0.7997,0.0004,200,9.6056
0.5945,0.0000,0.0000,0.0000,0.5940,0.0004,200,9.8116
0.4009,0.0000,0.0000,0.0000,0.4005,0.0004,200,10.0052
0.8000,0.0000,0.0000,0.0000,0.7999,0.0001,200,9.6061
0.8002,0.0000,0.0000,0.0000,0.8001,0.0000,200,9.6059
0.5942,0.0000,0.0000,0.0000,0.5941,0.0001,200,9.8120
0.7009,0.0000,0.0000,0.0000,0.7008,0.0001,200,9.7053
0.7991,0.0000,0.0000,0.0000,0.7989,0.0001,200,9.6071
0.8006,0.0000,0.0000,0.0000,0.8004,0.0001,200,9.6056
0.5008,0.0000,0.0000,0.0000,0.5006,0.0001,200,9.9054
0.5950,0.0000,0.0000,0.0000,0.5949,0.0001,200,9.8112
0.7993,0.0000,0.0000,0.0000,0.7992,0.0001,200,9.6069
0.5944,0.0000,0.0000,0.0000,0.5942,0.0001,200,9.8119
0.7991,0.0000,0.0000,0.0000,0.7989,0.0001,200,9.6072
0.7010,0.0000,0.0000,0.0000,0.7009,0.0001,200,9.7053
0.5946,0.0000,0.0000,0.0000,0.5943,0.0001,200,9.8118
0.5953,0.0000,0.0000,0.0000,0.5951,0.0002,200,9.8111
0.8003,0.0000,0.0000,0.0000,0.8001,0.0001,200,9.6060
0.8008,0.0000,0.0000,0.0000,0.8004,0.0003,200,9.6057
0.7988,0.0000,0.0000,0.0000,0.7987,0.0001,200,9.6077
0.5954,0.0000,0.0000,0.0000,0.5950,0.0003,200,9.8111
0.7977,0.0000,0.0000,0.0000,0.7975,0.0002,200,9.6088
0.8010,0.0000,0.0000,0.0000,0.8007,0.0002,200,9.6056
0.0011,0.0000,0.0000,0.0000,0.0009,0.0001,200,10.4056
0.0011,0.0000,0.0000,0.0000,0.0010,0.0001,200,10.4057
0.0012,0.0000,0.0000,0.0000,0.0010,0.0000,200,10.4056
0.0013,0.0000,0.0000,0.0001,0.0011,0.0001,200,10.4055
0.3017,0.0000,0.0000,0.0000,0.3016,0.0000,200,10.1052
0.8012,0.0000,0.0000,0.0000,0.8008,0.0000,200,9.6057
0.5961,0.0000,0.0000,0.0000,0.5959,0.0001,200,9.8111
0.1000,0.0000,0.0000,0.0000,0.0999,0.0001,200,10.4056
0.8999,0.0000,0.0000,0.0000,0.8998,0.0000,200,9.6061
0.1004,0.0000,0.0000,0.0000,0.0999,0.0001,200,10.4056
0.0995,0.0000,0.0000,0.0000,0.0993,0.0000,200,10.4065
0.1004,0.0000,0.0000,0.0001,0.1000,0.0000,200,10.4057
0.0988,0.0000,0.0000,0.0000,0.0987,0.0000,200,10.4074
0.0986,0.0000,0.0000,0.0000,0.0986,0.0000,200,10.4075
0.1002,0.0000,0.0000,0.0000,0.1000,0.0001,200,10.4061
0.5990,0.0000,0.0000,0.0000,0.5987,0.0001,200,10.4063
0.5989,0.0000,0.0000,0.0000,0.5986,0.0001,200,10.4065
0.5980,0.0000,0.0000,0.0000,0.5979,0.0001,200,10.4075
0.5993,0.0000,0.0000,0.0001,0.5991,0.0001,200,10.4063
0.7043,0.0000,0.0000,0.0000,0.7040,0.0001,200,10.4065
0.7046,0.0000,0.0000,0.0000,0.7044,0.0001,200,10.4063
0.7047,0.0000,0.0000,0.0000,0.7044,0.0000,200,10.4062
0.7048,0.0000,0.0000,0.0000,0.7045,0.0001,200,10.4062
0.7041,0.0000,0.0000,0.0000,0.7040,0.0001,200,10.4069
0.6054,0.0000,0.0000,0.0000,0.6053,0.0001,200,10.5057
0.7054,0.0000,0.0000,0.0000,0.7052,0.0001,200,10.4058
0.7038,0.0000,0.0000,0.0000,0.7037,0.0001,200,10.4073
0.6050,0.0000,0.0000,0.0000,0.6049,0.0000,200,10.5062
0.7060,0.0000,0.0000,0.0001,0.7058,0.0000,200,10.4056
0.7055,0.0000,0.0000,0.0000,0.7054,0.0001,200,10.4062
0.7060,0.0000,0.0000,0.0002,0.7058,0.0000,200,10.4057
0.1996,0.0000,0.0000,0.0000,0.1995,0.0001,200,11.0055
0.1998,0.0000,0.0000,0.0000,0.1997,0.0001,200,11.0054
0.0942,0.0000,0.0000,0.0000,0.0941,0.0001,200,11.1112
0.0011,0.0000,0.0000,0.0000,0.0010,0.0001,200,11.2052
0.0015,0.0000,0.0000,0.0000,0.0014,0.0001,200,11.2051
0.0015,0.0000,0.0000,0.0000,0.0014,0.0001,200,11.2053
0.9993,0.0000,0.0000,0.0001,0.9989,0.0001,200,10.4061
0.9997,0.0000,0.0000,0.0001,0.9994,0.0001,200,10.4058
1.0001,0.0000,0.0000,0.0000,0.9999,0.0001,200,10.4056
0.9999,0.0000,0.0000,0.0000,0.9995,0.0001,200,10.4058
0.9993,0.0000,0.0000,0.0000,0.9991,0.0001,200,10.4064
0.8997,0.0000,0.0000,0.0000,0.8996,0.0001,200,10.5059
0.9998,0.0000,0.0000,0.0001,0.9995,0.0001,200,10.4059
0.8998,0.0000,0.0000,0.0000,0.8997,0.0001,200,10.5060
1.0001,0.0000,0.0000,0.0001,0.9996,0.0000,200,10.4058
0.2948,0.0000,0.0000,0.0000,0.2947,0.0001,200,11.1110
0.9997,0.0000,0.0000,0.0000,0.9995,0.0001,200,10.4062
0.9998,0.0000,0.0000,0.0001,0.9996,0.0001,200,10.4061
0.9991,0.0000,0.0000,0.0000,0.9990,0.0001,200,10.4069
0.9996,0.0000,0.0000,0.0000,0.9995,0.0001,200,10.4064
0.2943,0.0000,0.0000,0.0000,0.2941,0.0001,200,11.1117
0.9994,0.0000,0.0000,0.0000,0.9993,0.0001,200,10.4066
1.0002,0.0000,0.0000,0.0002,0.9995,0.0001,200,10.4058
1.0001,0.0000,0.0000,0.0001,0.9999,0.0001,200,10.4060
0.2951,0.0000,0.0000,0.0001,0.2949,0.0001,200,11.1110
0.2950,0.0000,0.0000,0.0000,0.2948,0.0001,200,11.1111
0.9998,0.0000,0.0000,0.0000,0.9997,0.0001,200,10.4062
0.2945,0.0000,0.0000,0.0000,0.2943,0.0001,200,11.1116
0.2952,0.0000,0.0000,0.0000,0.2950,0.0001,200,11.1109
0.9999,0.0000,0.0000,0.0000,0.9994,0.0001,200,10.4063
0.2954,0.0000,0.0000,0.0000,0.2952,0.0001,200,11.1108
1.0002,0.0000,0.0000,0.0001,0.9998,0.0001,200,10.4060
1.0000,0.0000,0.0000,0.0000,0.9997,0.0000,200,10.4062
0.2952,0.0000,0.0000,0.0000,0.2950,0.0001,200,11.1111
0.9002,0.0000,0.0000,0.0000,0.9001,0.0000,200,10.5061
0.9002,0.0000,0.0000,0.0000,0.9001,0.0001,200,10.5061
1.0002,0.0000,0.0000,0.0000,0.9998,0.0001,200,10.4062
0.9992,0.0000,0.0000,0.0000,0.9991,0.0000,200,10.4072
1.0001,0.0000,0.0000,0.0000,0.9999,0.0000,200,10.4063
0.2952,0.0000,0.0000,0.0000,0.2951,0.0001,200,11.1112
0.2955,0.0000,0.0000,0.0000,0.2954,0.0001,200,11.1110
0.4009,0.0000,0.0000,0.0000,0.4008,0.0000,200,11.0056
0.1999,0.0000,0.0000,0.0000,0.1998,0.0000,200,11.2066
0.2950,0.0000,0.0000,0.0000,0.2949,0.0000,200,11.1116
0.9007,0.0000,0.0000,0.0000,0.9005,0.0001,200,10.5060
1.0000,0.0000,0.0000,0.0000,0.9999,0.0001,200,10.4066
0.4014,0.0000,0.0000,0.0000,0.4013,0.0000,200,11.0053
0.9005,0.0000,0.0000,0.0000,0.9004,0.0000,200,10.5063
0.2004,0.0000,0.0000,0.0000,0.2003,0.0000,200,11.2064
1.0012,0.0000,0.0000,0.0003,1.0008,0.0001,200,10.4056
0.2001,0.0000,0.0000,0.0000,0.2000,0.0001,200,11.2068
0.0988,0.0000,0.0000,0.0000,0.0986,0.0001,200,11.4066
0.0992,0.0000,0.0000,0.0000,0.0991,0.0001,200,11.4063
0.0996,0.0000,0.0000,0.0000,0.0994,0.0001,200,11.4059
0.0986,0.0000,0.0000,0.0000,0.0984,0.0001,200,11.4069
0.0990,0.0000,0.0000,0.0000,0.0989,0.0001,200,11.4065
0.0992,0.0000,0.0000,0.0000,0.0991,0.0001,200,11.4064
0.0989,0.0000,0.0000,0.0000,0.0988,0.0000,200,11.4066
0.0988,0.0000,0.0000,0.0000,0.0986,0.0001,200,11.4067
0.0994,0.0000,0.0000,0.0000,0.0992,0.0001,200,11.4062
0.0993,0.0000,0.0000,0.0000,0.0991,0.0000,200,11.4064
0.0992,0.0000,0.0000,0.0000,0.0991,0.0001,200,11.4065
0.0990,0.0000,0.0000,0.0000,0.0989,0.0001,200,11.4067
0.0995,0.0000,0.0000,0.0000,0.0993,0.0001,200,11.4062
0.0999,0.0000,0.0000,0.0000,0.0997,0.0002,200,11.4058
0.0996,0.0000,0.0000,0.0000,0.0995,0.0001,200,11.4063
0.1003,0.0000,0.0000,0.0000,0.1002,0.0001,200,11.4056
0.0991,0.0000,0.0000,0.0000,0.0990,0.0001,200,11.4068
0.0998,0.0000,0.0000,0.0000,0.0996,0.0001,200,11.4061
0.0996,0.0000,0.0000,0.0000,0.0994,0.0001,200,11.4063
0.0991,0.0000,0.0000,0.0000,0.0990,0.0001,200,11.4068
0.0998,0.0000,0.0000,0.0000,0.0996,0.0001,200,11.4062
0.1002,0.0000,0.0000,0.0000,0.1001,0.0000,200,11.4058
0.0999,0.0000,0.0000,0.0001,0.0998,0.0000,200,11.4061
0.1004,0.0000,0.0000,0.0000,0.1002,0.0000,200,11.4057
0.0999,0.0000,0.0000,0.0000,0.0997,0.0001,200,11.4062
0.0997,0.0000,0.0000,0.0000,0.0996,0.0000,200,11.4063
0.0998,0.0000,0.0000,0.0000,0.0997,0.0000,200,11.4063
0.0997,0.0000,0.0000,0.0000,0.0995,0.0001,200,11.4065
0.1005,0.0000,0.0000,0.0000,0.1003,0.0001,200,11.4057
0.1002,0.0000,0.0000,0.0000,0.0999,0.0001,200,11.4061
0.1002,0.0000,0.0000,0.0000,0.1001,0.0001,200,11.4060
0.0996,0.0000,0.0000,0.0000,0.0995,0.0001,200,11.4066
0.1009,0.0000,0.0000,0.0000,0.1007,0.0000,200,11.4054
0.1006,0.0000,0.0000,0.0000,0.1005,0.0000,200,11.4057
0.1002,0.0000,0.0000,0.0000,0.1001,0.0000,200,11.4061
0.1006,0.0000,0.0000,0.0000,0.1004,0.0000,200,11.4058
0.1003,0.0000,0.0000,0.0000,0.1002,0.0000,200,11.4061
0.1006,0.0000,0.0000,0.0001,0.1005,0.0000,200,11.4058
0.1006,0.0000,0.0000,0.0000,0.1004,0.0001,200,11.4060
0.1006,0.0000,0.0000,0.0001,0.1005,0.0000,200,11.4060
0.1007,0.0000,0.0000,0.0001,0.1006,0.0000,200,11.4060
0.1011,0.0000,0.0000,0.0000,0.1009,0.0000,200,11.4061
0.1014,0.0000,0.0000,0.0000,0.1013,0.0000,200,11.4060
0.1018,0.0000,0.0000,0.0001,0.1016,0.0001,200,11.4058
0.1995,0.0000,0.0000,0.0000,0.1993,0.0001,200,11.4057
0.0990,0.0000,0.0000,0.0000,0.0989,0.0001,200,11.5062
0.1978,0.0000,0.0000,0.0000,0.1977,0.0001,200,11.5074
0.4003,0.0000,0.0000,0.0000,0.4002,0.0001,200,11.5056
0.4001,0.0000,0.0000,0.0000,0.4000,0.0001,200,11.5059
0.4006,0.0000,0.0000,0.0001,0.4003,0.0001,200,11.5055
0.3998,0.0000,0.0000,0.0000,0.3997,0.0001,200,11.5062
0.3998,0.0000,0.0000,0.0000,0.3996,0.0001,200,11.5063
0.4000,0.0000,0.0000,0.0000,0.3998,0.0001,200,11.5061
0.2009,0.0000,0.0000,0.0000,0.2008,0.0000,200,11.7052
0.4005,0.0000,0.0000,0.0000,0.4004,0.0001,200,11.5056
0.4002,0.0000,0.0000,0.0000,0.4001,0.0000,200,11.5060
0.3996,0.0000,0.0000,0.0000,0.3995,0.0001,200,11.5066
0.4004,0.0000,0.0000,0.0000,0.4002,0.0001,200,11.5058
0.4001,0.0000,0.0000,0.0000,0.4000,0.0000,200,11.5062
0.4008,0.0000,0.0000,0.0000,0.4006,0.0001,200,11.5056
0.4007,0.0000,0.0000,0.0000,0.4006,0.0000,200,11.5057
0.4007,0.0000,0.0000,0.0000,0.4005,0.0001,200,11.5059
0.5996,0.0000,0.0000,0.0000,0.5995,0.0001,200,11.5057
0.5982,0.0000,0.0000,0.0000,0.5980,0.0001,200,11.5071
0.5993,0.0000,0.0000,0.0000,0.5992,0.0001,200,11.5061
0.1994,0.0000,0.0000,0.0000,0.1993,0.0001,200,11.9060
0.1995,0.0000,0.0000,0.0000,0.1994,0.0001,200,11.9061
0.1994,0.0000,0.0000,0.0000,0.1993,0.0000,200,11.9062
0.1997,0.0000,0.0000,0.0000,0.1995,0.0001,200,11.9061
0.6006,0.0000,0.0000,0.0000,0.6004,0.0000,200,11.5055
0.6997,0.0000,0.0000,0.0001,0.6995,0.0001,200,11.5055
0.6976,0.0000,0.0000,0.0000,0.6975,0.0001,200,11.5076
0.6990,0.0000,0.0000,0.0000,0.6989,0.0001,200,11.5063
0.6993,0.0000,0.0000,0.0000,0.6991,0.0001,200,11.5060
0.6990,0.0000,0.0000,0.0000,0.6989,0.0001,200,11.5064
0.6988,0.0000,0.0000,0.0000,0.6986,0.0001,200,11.5067
1.4040,0.0000,0.0000,0.0000,1.4039,0.0001,200,11.5064
1.4043,0.0000,0.0000,0.0000,1.4042,0.0001,200,11.5061
1.4049,0.0000,0.0000,0.0000,1.4047,0.0001,200,11.5056
1.0045,0.0000,0.0000,0.0000,1.0044,0.0001,200,11.9059
1.3053,0.0000,0.0000,0.0000,1.3052,0.0001,200,11.6052
1.4049,0.0000,0.0000,0.0000,1.4047,0.0001,200,11.5057
1.3054,0.0000,0.0000,0.0000,1.3053,0.0001,200,11.6052
1.4051,0.0000,0.0000,0.0000,1.4050,0.0001,200,11.5055
0.8049,0.0000,0.0000,0.0000,0.8048,0.0000,200,12.1058
1.0044,0.0000,0.0000,0.0000,1.0043,0.0000,200,11.9062
1.4047,0.0000,0.0000,0.0000,1.4046,0.0001,200,11.5059
1.0044,0.0000,0.0000,0.0000,1.0043,0.0001,200,11.9063
0.8055,0.0000,0.0000,0.0000,0.8053,0.0000,200,12.1053
1.0044,0.0000,0.0000,0.0000,1.0043,0.0001,200,11.9064
1.4043,0.0000,0.0000,0.0000,1.4042,0.0001,200,11.5066
0.7054,0.0000,0.0000,0.0000,0.7053,0.0001,200,12.2055
0.7054,0.0000,0.0000,0.0000,0.7053,0.0000,200,12.2054
1.4046,0.0000,0.0000,0.0000,1.4044,0.0001,200,11.5063
1.4050,0.0000,0.0000,0.0000,1.4048,0.0001,200,11.5059
1.4052,0.0000,0.0000,0.0000,1.4051,0.0001,200,11.5057
1.4056,0.0000,0.0000,0.0000,1.4054,0.0001,200,11.5053
1.0049,0.0000,0.0000,0.0001,1.0047,0.0000,200,11.9061
1.0047,0.0000,0.0000,0.0000,1.0046,0.0001,200,11.9062
0.7057,0.0000,0.0000,0.0000,0.7056,0.0001,200,12.2053
1.0044,0.0000,0.0000,0.0000,1.0042,0.0002,200,11.9066
0.8056,0.0000,0.0000,0.0000,0.8054,0.0001,200,12.1055
1.0050,0.0000,0.0000,0.0000,1.0048,0.0000,200,11.9061
1.4048,0.0000,0.0000,0.0000,1.4047,0.0000,200,11.5063
1.4051,0.0000,0.0000,0.0001,1.4049,0.0001,200,11.5061
1.0051,0.0000,0.0000,0.0001,1.0048,0.0001,200,11.9061
0.8055,0.0000,0.0000,0.0001,0.8054,0.0001,200,12.1056
0.7059,0.0000,0.0000,0.0000,0.7058,0.0000,200,12.2053
0.8057,0.0000,0.0000,0.0000,0.8055,0.0000,200,12.1056
0.8060,0.0000,0.0000,0.0000,0.8059,0.0000,200,12.1054
1.4051,0.0000,0.0000,0.0000,1.4050,0.0000,200,11.5063
1.4056,0.0000,0.0000,0.0000,1.4054,0.0000,200,11.5060
1.4056,0.0000,0.0000,0.0000,1.4055,0.0001,200,11.5060
1.0053,0.0000,0.0000,0.0000,1.0052,0.0001,200,11.9064
0.7064,0.0000,0.0000,0.0000,0.7063,0.0001,200,12.2052
0.8064,0.0000,0.0000,0.0000,0.8062,0.0001,200,12.1054
1.4062,0.0000,0.0000,0.0001,1.4060,0.0000,200,11.5056
1.4060,0.0000,0.0000,0.0000,1.4059,0.0000,200,11.5059
0.8060,0.0000,0.0000,0.0000,0.8059,0.0000,200,12.1061
0.7071,0.0000,0.0000,0.0000,0.7070,0.0000,200,12.2053
1.0068,0.0000,0.0000,0.0001,1.0066,0.0001,200,11.9061
0.0935,0.0000,0.0000,0.0000,0.0933,0.0001,200,12.9118
0.0942,0.0000,0.0000,0.0000,0.0941,0.0000,200,12.9111
0.0937,0.0000,0.0000,0.0000,0.0936,0.0001,200,12.9116
0.0942,0.0000,0.0000,0.0000,0.0940,0.0001,200,12.9112
0.1951,0.0000,0.0000,0.0000,0.1950,0.0001,200,12.9111
0.1955,0.0000,0.0000,0.0000,0.1954,0.0001,200,12.9108
0.1946,0.0000,0.0000,0.0000,0.1944,0.0001,200,12.9119
0.3937,0.0000,0.0000,0.0000,0.3935,0.0001,200,12.9116
0.3946,0.0000,0.0000,0.0000,0.3944,0.0001,200,12.9108
0.3945,0.0000,0.0000,0.0000,0.3944,0.0001,200,12.9109
0.3948,0.0000,0.0000,0.0000,0.3947,0.0001,200,12.9106
0.3950,0.0000,0.0000,0.0000,0.3948,0.0001,200,12.9106
0.3948,0.0000,0.0000,0.0001,0.3946,0.0001,200,12.9108
0.3949,0.0000,0.0000,0.0000,0.3947,0.0001,200,12.9107
0.3951,0.0000,0.0000,0.0000,0.3949,0.0001,200,12.9105
0.3950,0.0000,0.0000,0.0000,0.3948,0.0001,200,12.9106
0.3950,0.0000,0.0000,0.0000,0.3948,0.0001,200,12.9107
0.3952,0.0000,0.0000,0.0001,0.3949,0.0001,200,12.9104
0.3947,0.0000,0.0000,0.0000,0.3945,0.0001,200,12.9110
0.3945,0.0000,0.0000,0.0000,0.3944,0.0000,200,12.9112
0.3951,0.0000,0.0000,0.0000,0.3951,0.0001,200,12.9106
0.3947,0.0000,0.0000,0.0000,0.3946,0.0000,200,12.9111
0.3937,0.0000,0.0000,0.0000,0.3936,0.0000,200,12.9121
0.6938,0.0000,0.0000,0.0000,0.6937,0.0001,200,12.9118
0.6940,0.0000,0.0000,0.0000,0.6939,0.0001,200,12.9116
0.6003,0.0000,0.0000,0.0000,0.6002,0.0000,200,13.0054
0.6945,0.0000,0.0000,0.0000,0.6944,0.0001,200,12.9111
0.3000,0.0000,0.0000,0.0000,0.2999,0.0001,200,13.3056
0.6003,0.0000,0.0000,0.0000,0.6001,0.0001,200,13.0054
0.6943,0.0000,0.0000,0.0000,0.6942,0.0001,200,12.9114
0.6946,0.0000,0.0000,0.0000,0.6945,0.0001,200,12.9111
0.6947,0.0000,0.0000,0.0000,0.6945,0.0001,200,12.9110
0.6003,0.0000,0.0000,0.0001,0.6002,0.0000,200,13.0054
0.6948,0.0000,0.0000,0.0000,0.6946,0.0001,200,12.9109
0.6948,0.0000,0.0000,0.0000,0.6947,0.0000,200,12.9109
0.6952,0.0000,0.0000,0.0000,0.6950,0.0001,200,12.9105
0.6949,0.0000,0.0000,0.0000,0.6947,0.0001,200,12.9109
0.6949,0.0000,0.0000,0.0000,0.6948,0.0001,200,12.9109
0.6006,0.0000,0.0000,0.0000,0.6004,0.0000,200,13.0053
0.6929,0.0000,0.0000,0.0000,0.6928,0.0001,200,12.9129
0.6935,0.0000,0.0000,0.0000,0.6931,0.0002,200,12.9124
0.6954,0.0000,0.0000,0.0000,0.6953,0.0001,200,12.9105
0.6949,0.0000,0.0000,0.0000,0.6946,0.0001,200,12.9111
0.6947,0.0000,0.0000,0.0000,0.6945,0.0001,200,12.9114
0.6944,0.0000,0.0000,0.0000,0.6943,0.0001,200,12.9117
0.6952,0.0000,0.0000,0.0000,0.6951,0.0000,200,12.9109
0.7952,0.0000,0.0000,0.0000,0.7950,0.0001,200,12.9108
0.4004,0.0000,0.0000,0.0000,0.4003,0.0001,200,13.3056
0.7953,0.0000,0.0000,0.0000,0.7950,0.0001,200,12.9108
0.7957,0.0000,0.0000,0.0000,0.7955,0.0001,200,12.9105
0.7954,0.0000,0.0000,0.0001,0.7953,0.0001,200,12.9107
0.4009,0.0000,0.0000,0.0000,0.4007,0.0001,200,13.3055
0.4007,0.0000,0.0000,0.0000,0.4006,0.0001,200,13.3058
0.4010,0.0000,0.0000,0.0000,0.4009,0.0000,200,13.3055
1.2996,0.0000,0.0000,0.0000,1.2994,0.0001,200,13.6057
1.5998,0.0000,0.0000,0.0000,1.5996,0.0001,200,13.3057
1.2995,0.0000,0.0000,0.0000,1.2994,0.0001,200,13.6059
1.2996,0.0000,0.0000,0.0000,1.2994,0.0001,200,13.6058
1.2998,0.0000,0.0000,0.0000,1.2996,0.0001,200,13.6057
1.5997,0.0000,0.0000,0.0000,1.5995,0.0001,200,13.3058
1.7990,0.0000,0.0000,0.0000,1.7989,0.0001,200,13.1064
1.2996,0.0000,0.0000,0.0000,1.2994,0.0001,200,13.6059
1.5999,0.0000,0.0000,0.0000,1.5998,0.0001,200,13.3056
1.5999,0.0000,0.0000,0.0000,1.5997,0.0001,200,13.3056
1.2997,0.0000,0.0000,0.0001,1.2995,0.0001,200,13.6058
1.2999,0.0000,0.0000,0.0000,1.2996,0.0001,200,13.6057
1.6000,0.0000,0.0000,0.0000,1.5997,0.0002,200,13.3056
1.6997,0.0000,0.0000,0.0001,1.6994,0.0001,200,13.3055
1.9989,0.0000,0.0000,0.0000,1.9988,0.0001,200,13.1063
1.7994,0.0000,0.0000,0.0000,1.7992,0.0001,200,13.3058
1.7999,0.0000,0.0000,0.0001,1.7998,0.0001,200,13.3053
1.4997,0.0000,0.0000,0.0000,1.4996,0.0000,200,13.6056
1.7996,0.0000,0.0000,0.0000,1.7994,0.0001,200,13.3058
1.7999,0.0000,0.0000,0.0000,1.7998,0.0000,200,13.3055
1.4999,0.0000,0.0000,0.0000,1.4995,0.0001,200,13.6056
1.3994,0.0000,0.0000,0.0000,1.3993,0.0001,200,13.7062
1.7999,0.0000,0.0000,0.0000,1.7998,0.0001,200,13.3057
1.4995,0.0000,0.0000,0.0000,1.4993,0.0001,200,13.6061
0.2001,0.0000,0.0000,0.0000,0.2000,0.0000,200,14.9056
1.5000,0.0000,0.0000,0.0001,1.4999,0.0001,200,13.6057
1.3997,0.0000,0.0000,0.0000,1.3996,0.0001,200,13.7061
0.2004,0.0000,0.0000,0.0001,0.2002,0.0001,200,14.9055
0.2004,0.0000,0.0000,0.0001,0.2002,0.0000,200,14.9054
1.5002,0.0000,0.0000,0.0000,1.4998,0.0001,200,13.6056
1.5002,0.0000,0.0000,0.0000,1.4999,0.0001,200,13.6057
1.4999,0.0000,0.0000,0.0001,1.4998,0.0001,200,13.6059
1.5002,0.0000,0.0000,0.0000,1.5001,0.0001,200,13.6056
1.4999,0.0000,0.0000,0.0000,1.4997,0.0001,200,13.6060
0.2005,0.0000,0.0000,0.0001,0.2003,0.0000,200,14.9055
1.3996,0.0000,0.0000,0.0000,1.3995,0.0001,200,13.7064
1.5002,0.0000,0.0000,0.0000,1.5001,0.0000,200,13.6059
0.2006,0.0000,0.0000,0.0000,0.2004,0.0001,200,14.9055
1.5002,0.0000,0.0000,0.0000,1.5001,0.0000,200,13.6059
1.5004,0.0000,0.0000,0.0000,1.5002,0.0001,200,13.6057
0.2006,0.0000,0.0000,0.0000,0.2004,0.0001,200,14.9056
1.5005,0.0000,0.0000,0.0000,1.5003,0.0000,200,13.6056
1.5002,0.0000,0.0000,0.0000,1.5000,0.0000,200,13.6060
1.5007,0.0000,0.0000,0.0000,1.5005,0.0001,200,13.6056
0.2008,0.0000,0.0000,0.0000,0.2007,0.0000,200,14.9054
2.0001,0.0000,0.0000,0.0000,2.0000,0.0001,200,13.1064
1.5008,0.0000,0.0000,0.0000,1.5006,0.0001,200,13.6057
1.4001,0.0000,0.0000,0.0000,1.4000,0.0000,200,13.7065
0.2012,0.0000,0.0000,0.0000,0.2010,0.0001,200,14.9055
0.2015,0.0000,0.0000,0.0000,0.2012,0.0001,200,14.9054
0.2015,0.0000,0.0000,0.0000,0.2013,0.0000,200,14.9054
1.4006,0.0000,0.0000,0.0000,1.4005,0.0000,200,13.7065
1.4013,0.0000,0.0000,0.0000,1.4012,0.0001,200,13.7060
0.2020,0.0000,0.0000,0.0001,0.2018,0.0001,200,14.9055
0.1024,0.0000,0.0000,0.0000,0.1023,0.0001,200,15.0051
0.0989,0.0000,0.0000,0.0000,0.0988,0.0001,200,15.1062
0.3998,0.0000,0.0000,0.0000,0.3996,0.0001,200,14.9053
1.5990,0.0000,0.0000,0.0000,1.5989,0.0001,200,13.7062
0.3997,0.0000,0.0000,0.0001,0.3995,0.0001,200,14.9055
1.5992,0.0000,0.0000,0.0000,1.5991,0.0001,200,13.7061
0.5995,0.0000,0.0000,0.0000,0.5994,0.0001,200,15.1065
0.6005,0.0000,0.0000,0.0000,0.6004,0.0001,200,15.1056
0.5996,0.0000,0.0000,0.0000,0.5995,0.0001,200,15.1065
0.6003,0.0000,0.0000,0.0000,0.6001,0.0001,200,15.1059
0.6009,0.0000,0.0000,0.0000,0.6008,0.0000,200,15.1054
0.5995,0.0000,0.0000,0.0001,0.5994,0.0001,200,15.1067
0.6011,0.0000,0.0000,0.0000,0.6009,0.0001,200,15.1052
0.6003,0.0000,0.0000,0.0000,0.6002,0.0001,200,15.1060
0.5993,0.0000,0.0000,0.0000,0.5992,0.0001,200,15.1071
0.7981,0.0000,0.0000,0.0000,0.7980,0.0001,200,15.1069
0.7975,0.0000,0.0000,0.0000,0.7975,0.0001,200,15.1076
0.7996,0.0000,0.0000,0.0000,0.7994,0.0001,200,15.1056
0.7979,0.0000,0.0000,0.0000,0.7978,0.0001,200,15.1075
0.8994,0.0000,0.0000,0.0000,0.8992,0.0001,200,15.1058
0.9005,0.0000,0.0000,0.0000,0.9003,0.0001,200,15.2051
1.0000,0.0000,0.0000,0.0000,0.9999,0.0001,200,15.1056
1.0003,0.0000,0.0000,0.0000,1.0001,0.0001,200,15.1054
0.9988,0.0000,0.0000,0.0000,0.9986,0.0001,200,15.1069
0.9996,0.0000,0.0000,0.0000,0.9994,0.0001,200,15.1062
1.0003,0.0000,0.0000,0.0000,1.0002,0.0001,200,15.1054
0.9995,0.0000,0.0000,0.0000,0.9994,0.0000,200,15.1063
0.9992,0.0000,0.0000,0.0000,0.9991,0.0001,200,15.1065
0.8004,0.0000,0.0000,0.0000,0.8002,0.0002,200,15.3054
0.9985,0.0000,0.0000,0.0000,0.9983,0.0001,200,15.1073
0.3996,0.0000,0.0000,0.0000,0.3995,0.0001,200,15.7062
1.0000,0.0000,0.0000,0.0000,0.9998,0.0001,200,15.1058
0.8006,0.0000,0.0000,0.0000,0.8004,0.0001,200,15.3052
0.3996,0.0000,0.0000,0.0000,0.3995,0.0000,200,15.7063
0.2008,0.0000,0.0000,0.0000,0.2007,0.0001,200,15.9052
1.0000,0.0000,0.0000,0.0001,0.9999,0.0001,200,15.1060
1.0000,0.0000,0.0000,0.0000,0.9999,0.0001,200,15.1060
0.3996,0.0000,0.0000,0.0000,0.3995,0.0001,200,15.7064
1.0003,0.0000,0.0000,0.0000,1.0002,0.0000,200,15.1057
0.8010,0.0000,0.0000,0.0001,0.8009,0.0000,200,15.3051
0.3999,0.0000,0.0000,0.0000,0.3997,0.0000,200,15.7062
0.4000,0.0000,0.0000,0.0000,0.3998,0.0000,200,15.7061
1.0000,0.0000,0.0000,0.0000,0.9998,0.0000,200,15.1062
1.0003,0.0000,0.0000,0.0000,1.0002,0.0001,200,15.1058
0.4000,0.0000,0.0000,0.0000,0.3999,0.0000,200,15.7062
1.0002,0.0000,0.0000,0.0000,1.0001,0.0000,200,15.1061
1.0005,0.0000,0.0000,0.0000,1.0004,0.0001,200,15.1058
1.0009,0.0000,0.0000,0.0000,1.0008,0.0000,200,15.1055
0.4003,0.0000,0.0000,0.0000,0.4001,0.0001,200,15.7061
0.8013,0.0000,0.0000,0.0000,0.8012,0.0000,200,15.3052
0.2012,0.0000,0.0000,0.0000,0.2010,0.0001,200,15.9054
1.0004,0.0000,0.0000,0.0000,1.0003,0.0001,200,15.1063
1.0007,0.0000,0.0000,0.0000,1.0006,0.0001,200,15.1060
1.0015,0.0000,0.0000,0.0000,1.0014,0.0000,200,15.1052
0.2016,0.0000,0.0000,0.0000,0.2015,0.0001,200,15.9051
1.0010,0.0000,0.0000,0.0000,1.0009,0.0000,200,15.1058
1.0010,0.0000,0.0000,0.0000,1.0009,0.0000,200,15.1059
1.0008,0.0000,0.0000,0.0000,1.0007,0.0001,200,15.1060
1.0017,0.0000,0.0000,0.0000,1.0015,0.0000,200,15.1053
0.4009,0.0000,0.0000,0.0000,0.4008,0.0000,200,15.7060
1.0013,0.0000,0.0000,0.0000,1.0012,0.0001,200,15.1058
1.0016,0.0000,0.0000,0.0000,1.0014,0.0001,200,15.1057
0.4011,0.0000,0.0000,0.0000,0.4010,0.0000,200,15.7062
0.1021,0.0000,0.0000,0.0000,0.1020,0.0001,200,16.0052
0.2026,0.0000,0.0000,0.0000,0.2024,0.0000,200,15.9050
0.0988,0.0000,0.0000,0.0000,0.0986,0.0001,200,16.1065
0.0992,0.0000,0.0000,0.0000,0.0991,0.0001,200,16.1061
0.0985,0.0000,0.0000,0.0000,0.0984,0.0001,200,16.1069
0.0986,0.0000,0.0000,0.0000,0.0984,0.0001,200,16.1068
0.2995,0.0000,0.0000,0.0000,0.2993,0.0001,200,16.1063
0.2996,0.0000,0.0000,0.0000,0.2994,0.0001,200,16.1062
0.2996,0.0000,0.0000,0.0000,0.2995,0.0001,200,16.1062
0.2985,0.0000,0.0000,0.0000,0.2984,0.0001,200,16.1076
0.3004,0.0000,0.0000,0.0000,0.3002,0.0001,200,16.1057
0.2998,0.0000,0.0000,0.0000,0.2997,0.0000,200,16.1063
0.3005,0.0000,0.0000,0.0000,0.3004,0.0000,200,16.1058
0.3005,0.0000,0.0000,0.0000,0.3003,0.0001,200,16.1058
0.3001,0.0000,0.0000,0.0000,0.3000,0.0000,200,16.1062
0.3005,0.0000,0.0000,0.0000,0.3004,0.0001,200,16.1058
0.2996,0.0000,0.0000,0.0000,0.2994,0.0001,200,16.1067
0.3003,0.0000,0.0000,0.0000,0.3001,0.0001,200,16.1060
0.3003,0.0000,0.0000,0.0000,0.3002,0.0001,200,16.1060
0.3008,0.0000,0.0000,0.0000,0.3007,0.0000,200,16.1057
0.3987,0.0000,0.0000,0.0000,0.3985,0.0001,200,16.1067
0.3989,0.0000,0.0000,0.0000,0.3988,0.0001,200,16.1065
0.3988,0.0000,0.0000,0.0001,0.3986,0.0001,200,16.1067
0.3988,0.0000,0.0000,0.0000,0.3986,0.0001,200,16.1067
0.3991,0.0000,0.0000,0.0000,0.3990,0.0001,200,16.1064
0.3998,0.0000,0.0000,0.0000,0.3997,0.0001,200,16.1057
0.3998,0.0000,0.0000,0.0000,0.3996,0.0001,200,16.1057
0.5983,0.0000,0.0000,0.0000,0.5982,0.0001,200,16.1072
0.2995,0.0000,0.0000,0.0000,0.2993,0.0001,200,16.4062
0.5996,0.0000,0.0000,0.0001,0.5994,0.0001,200,16.1061
0.2993,0.0000,0.0000,0.0001,0.2991,0.0001,200,16.4063
0.5993,0.0000,0.0000,0.0000,0.5991,0.0001,200,16.1064
0.2001,0.0000,0.0000,0.0000,0.2000,0.0001,200,16.5055
0.5996,0.0000,0.0000,0.0000,0.5995,0.0001,200,16.1060
0.6001,0.0000,0.0000,0.0000,0.6000,0.0001,200,16.1056
0.2994,0.0000,0.0000,0.0000,0.2992,0.0001,200,16.4063
0.2002,0.0000,0.0000,0.0000,0.2001,0.0000,200,16.5055
0.2999,0.0000,0.0000,0.0000,0.2997,0.0002,200,16.4058
0.2003,0.0000,0.0000,0.0000,0.2001,0.0000,200,16.5055
0.5986,0.0000,0.0000,0.0000,0.5984,0.0001,200,16.1072
0.5990,0.0000,0.0000,0.0000,0.5988,0.0002,200,16.1068
0.2004,0.0000,0.0000,0.0001,0.2002,0.0001,200,16.5055
0.5998,0.0000,0.0000,0.0000,0.5996,0.0000,200,16.1061
0.6001,0.0000,0.0000,0.0000,0.6000,0.0001,200,16.1058
0.2999,0.0000,0.0000,0.0000,0.2997,0.0001,200,16.4060
0.5990,0.0000,0.0000,0.0000,0.5989,0.0000,200,16.1069
0.5991,0.0000,0.0000,0.0000,0.5990,0.0001,200,16.1069
0.3002,0.0000,0.0000,0.0000,0.3001,0.0000,200,16.4058
0.5987,0.0000,0.0000,0.0000,0.5986,0.0001,200,16.1073
0.6001,0.0000,0.0000,0.0000,0.5999,0.0002,200,16.1061
0.6004,0.0000,0.0000,0.0001,0.6002,0.0000,200,16.1057
0.6004,0.0000,0.0000,0.0000,0.6002,0.0001,200,16.1058
0.6005,0.0000,0.0000,0.0000,0.6003,0.0001,200,16.1057
0.6003,0.0000,0.0000,0.0000,0.6002,0.0000,200,16.1059
0.3000,0.0000,0.0000,0.0000,0.2998,0.0000,200,16.4063
0.5009,0.0000,0.0000,0.0000,0.5008,0.0000,200,16.2054
0.0007,0.0000,0.0000,0.0000,0.0006,0.0001,200,16.7056
0.3001,0.0000,0.0000,0.0000,0.3000,0.0000,200,16.4063
0.3001,0.0000,0.0000,0.0000,0.3000,0.0000,200,16.4064
0.5012,0.0000,0.0000,0.0000,0.5010,0.0000,200,16.2054
0.2011,0.0000,0.0000,0.0001,0.2009,0.0001,200,16.5055
0.6008,0.0000,0.0000,0.0000,0.6006,0.0001,200,16.1058
0.0010,0.0000,0.0000,0.0000,0.0008,0.0001,200,16.7056
0.5015,0.0000,0.0000,0.0000,0.5013,0.0001,200,16.2053
0.3005,0.0000,0.0000,0.0000,0.3003,0.0001,200,16.4063
0.3005,0.0000,0.0000,0.0000,0.3004,0.0000,200,16.4063
0.0012,0.0000,0.0000,0.0000,0.0010,0.0000,200,16.7057
0.0012,0.0000,0.0000,0.0000,0.0010,0.0000,200,16.7057
0.0013,0.0000,0.0000,0.0000,0.0012,0.0000,200,16.7056
0.3004,0.0000,0.0000,0.0000,0.3003,0.0000,200,16.4065
0.3012,0.0000,0.0000,0.0000,0.3011,0.0000,200,16.4058
0.0013,0.0000,0.0000,0.0000,0.0012,0.0000,200,16.7057
0.0013,0.0000,0.0000,0.0000,0.0012,0.0001,200,16.7057
0.2016,0.0000,0.0000,0.0000,0.2014,0.0001,200,16.5055
0.0011,0.0000,0.0000,0.0000,0.0010,0.0000,200,16.7059
0.0013,0.0000,0.0000,0.0000,0.0011,0.0000,200,16.7059
0.0014,0.0000,0.0000,0.0000,0.0012,0.0001,200,16.7058
0.0014,0.0000,0.0000,0.0000,0.0013,0.0000,200,16.7058
0.0016,0.0000,0.0000,0.0000,0.0014,0.0001,200,16.7058
0.0016,0.0000,0.0000,0.0000,0.0015,0.0000,200,16.7058
0.0014,0.0000,0.0000,0.0000,0.0012,0.0001,200,16.7060
0.0016,0.0000,0.0000,0.0000,0.0014,0.0000,200,16.7059
0.0015,0.0000,0.0000,0.0000,0.0013,0.0000,200,16.7060
0.0017,0.0000,0.0000,0.0000,0.0016,0.0000,200,16.7059
0.0020,0.0000,0.0000,0.0000,0.0018,0.0001,200,16.7057
0.0019,0.0000,0.0000,0.0001,0.0017,0.0001,200,16.7058
0.0018,0.0000,0.0000,0.0000,0.0017,0.0000,200,16.7059
0.0015,0.0000,0.0000,0.0000,0.0014,0.0001,200,16.7063
0.0016,0.0000,0.0000,0.0000,0.0015,0.0001,200,16.7061
0.0016,0.0000,0.0000,0.0000,0.0013,0.0002,200,16.7062
0.0018,0.0000,0.0000,0.0000,0.0017,0.0000,200,16.7062
0.0018,0.0000,0.0000,0.0000,0.0017,0.0001,200,16.7062
0.0018,0.0000,0.0000,0.0000,0.0017,0.0000,200,16.7062
0.0011,0.0000,0.0000,0.0000,0.0010,0.0001,200,16.7069
0.0020,0.0000,0.0000,0.0000,0.0019,0.0000,200,16.7061
0.0013,0.0000,0.0000,0.0000,0.0012,0.0001,200,16.7068
0.0017,0.0000,0.0000,0.0000,0.0016,0.0001,200,16.7065
0.0016,0.0000,0.0000,0.0000,0.0015,0.0000,200,16.7066
0.0018,0.0000,0.0000,0.0000,0.0016,0.0001,200,16.7066
0.0021,0.0000,0.0000,0.0000,0.0020,0.0000,200,16.7063
0.0019,0.0000,0.0000,0.0000,0.0018,0.0000,200,16.7066
0.0009,0.0000,0.0000,0.0000,0.0009,0.0000,200,16.7076
0.0010,0.0000,0.0000,0.0000,0.0009,0.0000,200,16.7076
0.0011,0.0000,0.0000,0.0000,0.0010,0.0001,200,16.7075
0.0013,0.0000,0.0000,0.0000,0.0011,0.0000,200,16.7075
0.0025,0.0000,0.0000,0.0000,0.0024,0.0000,200,16.7063
0.5037,0.0000,0.0000,0.0000,0.5036,0.0000,200,16.2053
0.0023,0.0000,0.0000,0.0000,0.0022,0.0001,200,16.7067
0.6019,0.0000,0.0000,0.0000,0.6017,0.0001,200,16.1073
0.3032,0.0000,0.0000,0.0000,0.3031,0.0000,200,16.4061
0.0976,0.0000,0.0000,0.0000,0.0975,0.0001,200,16.7075
0.0979,0.0000,0.0000,0.0000,0.0977,0.0001,200,16.7074
0.0962,0.0000,0.0000,0.0000,0.0961,0.0001,200,16.7093
0.0965,0.0000,0.0000,0.0000,0.0964,0.0001,200,16.7092
0.0969,0.0000,0.0000,0.0000,0.0968,0.0001,200,16.7089
0.0967,0.0000,0.0000,0.0000,0.0965,0.0001,200,16.7095
0.0968,0.0000,0.0000,0.0000,0.0966,0.0001,200,16.7096
0.0971,0.0000,0.0000,0.0000,0.0969,0.0001,200,16.7095
0.0997,0.0000,0.0000,0.0000,0.0995,0.0001,200,16.7070
0.0974,0.0000,0.0000,0.0000,0.0972,0.0001,200,16.7095
0.8989,0.0000,0.0000,0.0000,0.8987,0.0001,200,16.1061
0.4979,0.0000,0.0000,0.0000,0.4978,0.0001,200,16.7080
0.4972,0.0000,0.0000,0.0000,0.4971,0.0001,200,16.7088
0.4981,0.0000,0.0000,0.0000,0.4979,0.0001,200,16.7080
0.4985,0.0000,0.0000,0.0001,0.4983,0.0000,200,16.7076
0.4982,0.0000,0.0000,0.0000,0.4981,0.0000,200,16.7081
0.4986,0.0000,0.0000,0.0000,0.4985,0.0001,200,16.7078
0.4987,0.0000,0.0000,0.0000,0.4985,0.0000,200,16.7077
0.4980,0.0000,0.0000,0.0000,0.4978,0.0001,200,16.7084
0.4988,0.0000,0.0000,0.0000,0.4987,0.0000,200,16.7077
0.4983,0.0000,0.0000,0.0000,0.4982,0.0000,200,16.7082
0.4989,0.0000,0.0000,0.0000,0.4987,0.0001,200,16.7077
0.4984,0.0000,0.0000,0.0000,0.4983,0.0000,200,16.7082
0.8978,0.0000,0.0000,0.0000,0.8977,0.0001,200,16.7077
0.3992,0.0000,0.0000,0.0000,0.3990,0.0001,200,17.2063
0.8980,0.0000,0.0000,0.0000,0.8979,0.0001,200,16.7076
0.8000,0.0000,0.0000,0.0000,0.7999,0.0001,200,16.8056
0.8005,0.0000,0.0000,0.0000,0.8004,0.0001,200,16.8051
0.8980,0.0000,0.0000,0.0000,0.8979,0.0001,200,16.7076
0.8989,0.0000,0.0000,0.0000,0.8987,0.0001,200,16.7068
0.3990,0.0000,0.0000,0.0000,0.3989,0.0001,200,17.2066
0.7991,0.0000,0.0000,0.0000,0.7990,0.0001,200,16.8065
0.3993,0.0000,0.0000,0.0000,0.3992,0.0001,200,17.2064
0.7990,0.0000,0.0000,0.0000,0.7988,0.0001,200,16.8067
0.7996,0.0000,0.0000,0.0000,0.7994,0.0001,200,16.8061
0.7994,0.0000,0.0000,0.0000,0.7993,0.0001,200,16.8063
0.8982,0.0000,0.0000,0.0000,0.8980,0.0001,200,16.7076
0.4998,0.0000,0.0000,0.0000,0.4997,0.0001,200,17.2061
0.4999,0.0000,0.0000,0.0000,0.4997,0.0001,200,17.2060
0.4994,0.0000,0.0000,0.0000,0.4993,0.0001,200,17.2065
0.1004,0.0000,0.0000,0.0000,0.1003,0.0000,200,17.6057
0.4999,0.0000,0.0000,0.0000,0.4998,0.0001,200,17.2061
1.0006,0.0000,0.0000,0.0000,1.0005,0.0001,200,16.7055
0.1004,0.0000,0.0000,0.0000,0.1003,0.0000,200,17.6057
0.1004,0.0000,0.0000,0.0000,0.1003,0.0001,200,17.6057
0.1006,0.0000,0.0000,0.0000,0.1004,0.0000,200,17.6056
0.1004,0.0000,0.0000,0.0000,0.1003,0.0001,200,17.6058
0.4998,0.0000,0.0000,0.0000,0.4997,0.0000,200,17.2064
0.1006,0.0000,0.0000,0.0000,0.1005,0.0000,200,17.6057
0.1007,0.0000,0.0000,0.0000,0.1006,0.0000,200,17.6056
0.1008,0.0000,0.0000,0.0000,0.1006,0.0001,200,17.6056
0.5989,0.0000,0.0000,0.0000,0.5987,0.0001,200,17.2063
0.0990,0.0000,0.0000,0.0000,0.0988,0.0001,200,17.7063
0.0991,0.0000,0.0000,0.0000,0.0990,0.0001,200,17.7062
0.0992,0.0000,0.0000,0.0000,0.0990,0.0001,200,17.7064
0.0995,0.0000,0.0000,0.0000,0.0994,0.0000,200,17.7061
0.0994,0.0000,0.0000,0.0000,0.0993,0.0001,200,17.7062
0.0997,0.0000,0.0000,0.0000,0.0996,0.0000,200,17.7061
0.0997,0.0000,0.0000,0.0000,0.0997,0.0000,200,17.7061
0.0999,0.0000,0.0000,0.0000,0.0998,0.0001,200,17.7061
0.1001,0.0000,0.0000,0.0000,0.1000,0.0001,200,17.7060
0.1000,0.0000,0.0000,0.0001,0.0998,0.0001,200,17.7061
0.1006,0.0000,0.0000,0.0000,0.1005,0.0001,200,17.7059
0.1003,0.0000,0.0000,0.0000,0.1002,0.0001,200,17.7063
0.2010,0.0000,0.0000,0.0001,0.2008,0.0001,200,17.6056
0.0013,0.0000,0.0000,0.0000,0.0011,0.0000,200,17.8056
0.2013,0.0000,0.0000,0.0000,0.2011,0.0000,200,17.6056
0.1011,0.0000,0.0000,0.0000,0.1010,0.0001,200,17.7059
0.0018,0.0000,0.0000,0.0001,0.0017,0.0001,200,17.8053
0.0024,0.0000,0.0000,0.0000,0.0022,0.0001,200,17.8053
0.0025,0.0000,0.0000,0.0000,0.0024,0.0001,200,17.8052
0.0012,0.0000,0.0000,0.0000,0.0011,0.0000,200,17.8066
0.0012,0.0000,0.0000,0.0000,0.0012,0.0000,200,17.8069
0.0022,0.0000,0.0000,0.0000,0.0021,0.0001,200,17.8065
0.0022,0.0000,0.0000,0.0001,0.0021,0.0001,200,17.8066
0.0027,0.0000,0.0000,0.0000,0.0027,0.0000,200,17.8061
0.0992,0.0000,0.0000,0.0000,0.0991,0.0001,200,17.8061
0.0969,0.0000,0.0000,0.0000,0.0967,0.0001,200,17.8087
0.0997,0.0000,0.0000,0.0001,0.0995,0.0001,200,17.8060
0.1001,0.0000,0.0000,0.0000,0.0999,0.0001,200,17.8059
0.1004,0.0000,0.0000,0.0000,0.1002,0.0001,200,17.8057
0.1005,0.0000,0.0000,0.0000,0.1004,0.0000,200,17.8058
0.0013,0.0000,0.0000,0.0000,0.0012,0.0001,200,17.9053
0.0979,0.0000,0.0000,0.0000,0.0978,0.0000,200,17.8089
0.0982,0.0000,0.0000,0.0000,0.0981,0.0001,200,17.8088
0.0019,0.0000,0.0000,0.0000,0.0017,0.0001,200,17.9055
0.0995,0.0000,0.0000,0.0000,0.0994,0.0001,200,17.8081
0.1000,0.0000,0.0000,0.0000,0.0999,0.0001,200,17.8078
0.1007,0.0000,0.0000,0.0000,0.1006,0.0001,200,17.8077
0.1007,0.0000,0.0000,0.0000,0.1006,0.0001,200,17.8077
0.1010,0.0000,0.0000,0.0000,0.1009,0.0001,200,17.8075
0.1016,0.0000,0.0000,0.0000,0.1015,0.0001,200,17.8072
0.0964,0.0000,0.0000,0.0001,0.0963,0.0001,200,17.9088
0.1985,0.0000,0.0000,0.0000,0.1984,0.0001,200,17.8070
0.0975,0.0000,0.0000,0.0000,0.0974,0.0001,200,17.9083
0.0974,0.0000,0.0000,0.0000,0.0973,0.0001,200,17.9086
0.0979,0.0000,0.0000,0.0000,0.0977,0.0001,200,17.9084
0.0988,0.0000,0.0000,0.0000,0.0987,0.0001,200,17.9078
0.0993,0.0000,0.0000,0.0000,0.0992,0.0001,200,17.9075
0.0993,0.0000,0.0000,0.0000,0.0992,0.0001,200,17.9076
0.1002,0.0000,0.0000,0.0000,0.1001,0.0000,200,17.9068
0.1008,0.0000,0.0000,0.0000,0.1006,0.0001,200,17.9066
0.1013,0.0000,0.0000,0.0000,0.1011,0.0001,200,17.9063
0.1007,0.0000,0.0000,0.0000,0.1006,0.0001,200,17.9070
0.1020,0.0000,0.0000,0.0000,0.1018,0.0000,200,17.9061
0.1022,0.0000,0.0000,0.0000,0.1021,0.0000,200,17.9059
0.0012,0.0000,0.0000,0.0000,0.0011,0.0000,200,18.0076
0.1031,0.0000,0.0000,0.0000,0.1030,0.0001,200,17.9057
0.0978,0.0000,0.0000,0.0000,0.0977,0.0001,200,18.0073
0.0984,0.0000,0.0000,0.0000,0.0982,0.0001,200,18.0069
0.0987,0.0000,0.0000,0.0000,0.0986,0.0001,200,18.0069
0.1990,0.0000,0.0000,0.0000,0.1989,0.0001,200,18.0063
0.1960,0.0000,0.0000,0.0000,0.1958,0.0001,200,18.0095
0.1002,0.0000,0.0000,0.0000,0.1000,0.0001,200,18.1053
0.1973,0.0000,0.0000,0.0000,0.1972,0.0001,200,18.0082
0.1999,0.0000,0.0000,0.0000,0.1998,0.0001,200,18.0055
0.1003,0.0000,0.0000,0.0000,0.1002,0.0001,200,18.1051
0.1967,0.0000,0.0000,0.0000,0.1966,0.0001,200,18.0088
0.5999,0.0000,0.0000,0.0000,0.5998,0.0001,200,17.6056
1.4977,0.0000,0.0000,0.0000,1.4976,0.0000,200,16.7080
1.3999,0.0000,0.0000,0.0000,1.3998,0.0000,200,16.8058
1.7004,0.0000,0.0000,0.0001,1.7003,0.0000,200,16.5053
1.4006,0.0000,0.0000,0.0000,1.4005,0.0000,200,16.8052
1.4982,0.0000,0.0000,0.0001,1.4981,0.0001,200,16.7076
1.3990,0.0000,0.0000,0.0000,1.3989,0.0001,200,16.8069
1.4982,0.0000,0.0000,0.0000,1.4980,0.0001,200,16.7078
1.4982,0.0000,0.0000,0.0001,1.4980,0.0001,200,16.7080
1.4987,0.0000,0.0000,0.0000,1.4986,0.0000,200,16.7076
1.4974,0.0000,0.0000,0.0000,1.4973,0.0000,200,16.7091
1.4990,0.0000,0.0000,0.0000,1.4989,0.0000,200,16.7075
1.4990,0.0000,0.0000,0.0000,1.4987,0.0001,200,16.7077
0.3984,0.0000,0.0000,0.0000,0.3983,0.0001,200,18.0070
1.1988,0.0000,0.0000,0.0000,1.1987,0.0001,200,17.2066
1.6985,0.0000,0.0000,0.0000,1.6983,0.0001,200,16.7070
0.6994,0.0000,0.0000,0.0000,0.6991,0.0001,200,17.7061
0.3989,0.0000,0.0000,0.0000,0.3987,0.0001,200,18.0066
0.5998,0.0000,0.0000,0.0000,0.5997,0.0001,200,17.8057
0.9995,0.0000,0.0000,0.0000,0.9994,0.0001,200,17.6057
1.9995,0.0000,0.0000,0.0001,1.9994,0.0001,200,16.8057
0.5998,0.0000,0.0000,0.0001,0.5997,0.0001,200,18.2055
0.5995,0.0000,0.0000,0.0000,0.5994,0.0001,200,18.2059
0.5997,0.0000,0.0000,0.0000,0.5996,0.0000,200,18.2058
0.5999,0.0000,0.0000,0.0000,0.5998,0.0001,200,18.2055
0.5996,0.0000,0.0000,0.0000,0.5994,0.0001,200,18.2059
0.5990,0.0000,0.0000,0.0000,0.5988,0.0001,200,18.2066
0.6001,0.0000,0.0000,0.0000,0.5999,0.0000,200,18.2055
0.5992,0.0000,0.0000,0.0000,0.5991,0.0001,200,18.2064
0.5994,0.0000,0.0000,0.0000,0.5994,0.0000,200,18.2062
0.5991,0.0000,0.0000,0.0000,0.5990,0.0001,200,18.2066
0.6002,0.0000,0.0000,0.0000,0.6001,0.0001,200,18.2054
1.5998,0.0000,0.0000,0.0000,1.5998,0.0000,200,17.2059
0.6002,0.0000,0.0000,0.0000,0.6000,0.0000,200,18.2056
0.6000,0.0000,0.0000,0.0000,0.5999,0.0001,200,18.2058
0.5996,0.0000,0.0000,0.0000,0.5995,0.0001,200,18.2063
1.5994,0.0000,0.0000,0.0000,1.5993,0.0001,200,17.2065
1.8010,0.0000,0.0000,0.0000,1.8009,0.0001,200,17.0050
0.6006,0.0000,0.0000,0.0000,0.6005,0.0000,200,18.2055
1.2004,0.0000,0.0000,0.0000,1.2002,0.0000,200,17.6057
2.0985,0.0000,0.0000,0.0000,2.0983,0.0001,200,16.7076
0.4007,0.0000,0.0000,0.0001,0.4006,0.0000,200,18.4054
0.6005,0.0000,0.0000,0.0000,0.6004,0.0000,200,18.2056
2.0979,0.0000,0.0000,0.0000,2.0978,0.0000,200,16.7083
0.4007,0.0000,0.0000,0.0000,0.4006,0.0000,200,18.4055
0.6009,0.0000,0.0000,0.0000,0.6008,0.0000,200,18.2053
0.4008,0.0000,0.0000,0.0000,0.4007,0.0000,200,18.4054
0.8004,0.0000,0.0000,0.0000,0.8004,0.0000,200,18.0059
1.2009,0.0000,0.0000,0.0000,1.2007,0.0001,200,17.6055
2.0984,0.0000,0.0000,0.0000,2.0982,0.0000,200,16.7081
0.8012,0.0000,0.0000,0.0000,0.8011,0.0000,200,18.0053
0.6010,0.0000,0.0000,0.0000,0.6009,0.0001,200,18.2055
0.7010,0.0000,0.0000,0.0000,0.7009,0.0000,200,18.1056
2.0989,0.0000,0.0000,0.0000,2.0988,0.0001,200,16.7077
0.6008,0.0000,0.0000,0.0000,0.6007,0.0001,200,18.2060
0.6011,0.0000,0.0000,0.0000,0.6009,0.0001,200,18.2058
0.7990,0.0000,0.0000,0.0000,0.7988,0.0001,200,18.0080
2.0986,0.0000,0.0000,0.0000,2.0985,0.0000,200,16.7084
0.4018,0.0000,0.0000,0.0000,0.4017,0.0000,200,18.4054
0.4019,0.0000,0.0000,0.0000,0.4018,0.0000,200,18.4055
2.0998,0.0000,0.0000,0.0000,2.0996,0.0001,200,16.7077
0.8016,0.0000,0.0000,0.0000,0.8015,0.0000,200,18.0060
0.7998,0.0000,0.0000,0.0000,0.7997,0.0000,200,18.0078
0.2027,0.0000,0.0000,0.0000,0.2026,0.0000,200,18.6052
0.4997,0.0000,0.0000,0.0000,0.4995,0.0001,200,18.4054
0.0977,0.0000,0.0000,0.0000,0.0976,0.0001,200,18.8076
0.0983,0.0000,0.0000,0.0000,0.0982,0.0001,200,18.8070
0.3991,0.0000,0.0000,0.0000,0.3990,0.0001,200,18.8066
0.3999,0.0000,0.0000,0.0000,0.3998,0.0001,200,18.8060
0.3997,0.0000,0.0000,0.0000,0.3995,0.0001,200,18.8063
0.3992,0.0000,0.0000,0.0001,0.3990,0.0000,200,18.8068
0.3982,0.0000,0.0000,0.0000,0.3981,0.0000,200,18.8079
0.4006,0.0000,0.0000,0.0000,0.4005,0.0001,200,18.8055
0.3997,0.0000,0.0000,0.0000,0.3996,0.0000,200,18.8065
0.3990,0.0000,0.0000,0.0000,0.3988,0.0001,200,18.8072
0.4002,0.0000,0.0000,0.0000,0.4001,0.0000,200,18.8061
0.4011,0.0000,0.0000,0.0000,0.4010,0.0001,200,18.8052
0.4005,0.0000,0.0000,0.0000,0.4004,0.0000,200,18.8058
0.4008,0.0000,0.0000,0.0000,0.4007,0.0000,200,18.8056
0.4005,0.0000,0.0000,0.0000,0.4004,0.0001,200,18.8060
0.5995,0.0000,0.0000,0.0000,0.5993,0.0001,200,18.8059
0.5997,0.0000,0.0000,0.0000,0.5996,0.0001,200,18.8058
0.4991,0.0000,0.0000,0.0000,0.4990,0.0001,200,19.2063
0.4994,0.0000,0.0000,0.0000,0.4992,0.0001,200,19.2062
0.4992,0.0000,0.0000,0.0000,0.4991,0.0001,200,19.2064
0.4997,0.0000,0.0000,0.0000,0.4996,0.0001,200,19.2059
0.9004,0.0000,0.0000,0.0000,0.9003,0.0001,200,18.8053
0.9001,0.0000,0.0000,0.0000,0.8999,0.0001,200,18.8056
0.4995,0.0000,0.0000,0.0000,0.4994,0.0000,200,19.2063
0.8996,0.0000,0.0000,0.0000,0.8995,0.0001,200,18.8062
0.4994,0.0000,0.0000,0.0000,0.4994,0.0000,200,19.2064
0.8989,0.0000,0.0000,0.0000,0.8988,0.0001,200,18.8070
0.8007,0.0000,0.0000,0.0000,0.8006,0.0000,200,18.9052
0.9004,0.0000,0.0000,0.0000,0.9003,0.0000,200,18.8055
0.8986,0.0000,0.0000,0.0000,0.8985,0.0001,200,18.8074
0.8997,0.0000,0.0000,0.0000,0.8996,0.0000,200,18.8063
0.9004,0.0000,0.0000,0.0000,0.9003,0.0001,200,18.8057
0.9005,0.0000,0.0000,0.0000,0.9004,0.0001,200,18.8056
0.8999,0.0000,0.0000,0.0000,0.8998,0.0001,200,18.8062
0.5000,0.0000,0.0000,0.0000,0.4999,0.0000,200,19.2062
0.5001,0.0000,0.0000,0.0000,0.5000,0.0000,200,19.2061
0.5003,0.0000,0.0000,0.0000,0.5002,0.0001,200,19.2059
0.9000,0.0000,0.0000,0.0000,0.8998,0.0001,200,18.8062
0.3008,0.0000,0.0000,0.0000,0.3007,0.0001,200,19.4055
0.8987,0.0000,0.0000,0.0000,0.8986,0.0001,200,18.8076
0.3010,0.0000,0.0000,0.0000,0.3008,0.0001,200,19.4053
0.8988,0.0000,0.0000,0.0000,0.8987,0.0001,200,18.8075
0.8999,0.0000,0.0000,0.0000,0.8998,0.0001,200,18.8065
0.8011,0.0000,0.0000,0.0000,0.8010,0.0000,200,18.9053
0.9001,0.0000,0.0000,0.0000,0.8999,0.0001,200,18.8064
0.9004,0.0000,0.0000,0.0000,0.9003,0.0001,200,18.8060
0.4999,0.0000,0.0000,0.0000,0.4997,0.0001,200,19.2066
0.9008,0.0000,0.0000,0.0000,0.9006,0.0001,200,18.8057
0.9006,0.0000,0.0000,0.0000,0.9004,0.0001,200,18.8059
0.9009,0.0000,0.0000,0.0000,0.9008,0.0000,200,18.8056
0.9005,0.0000,0.0000,0.0000,0.9004,0.0000,200,18.8061
0.9009,0.0000,0.0000,0.0000,0.9008,0.0000,200,18.8058
0.9006,0.0000,0.0000,0.0000,0.9005,0.0000,200,18.8062
0.9014,0.0000,0.0000,0.0000,0.9013,0.0000,200,18.8055
0.0014,0.0000,0.0000,0.0000,0.0013,0.0000,200,19.7054
0.5009,0.0000,0.0000,0.0000,0.5007,0.0000,200,19.2060
0.9000,0.0000,0.0000,0.0000,0.8999,0.0000,200,18.8069
0.0014,0.0000,0.0000,0.0000,0.0013,0.0000,200,19.7056
0.9016,0.0000,0.0000,0.0000,0.9015,0.0001,200,18.8054
0.5013,0.0000,0.0000,0.0000,0.5012,0.0001,200,19.2057
0.9004,0.0000,0.0000,0.0000,0.9003,0.0000,200,18.8066
0.5010,0.0000,0.0000,0.0000,0.5009,0.0000,200,19.2061
0.0016,0.0000,0.0000,0.0000,0.0015,0.0000,200,19.7056
0.8021,0.0000,0.0000,0.0000,0.8020,0.0001,200,18.9051
0.0017,0.0000,0.0000,0.0000,0.0015,0.0001,200,19.7057
0.9009,0.0000,0.0000,0.0000,0.9008,0.0000,200,18.8065
0.0023,0.0000,0.0000,0.0000,0.0021,0.0001,200,19.7056
0.0023,0.0000,0.0000,0.0000,0.0022,0.0000,200,19.7058
0.0016,0.0000,0.0000,0.0000,0.0015,0.0001,200,19.7067
0.0020,0.0000,0.0000,0.0000,0.0019,0.0001,200,19.7062
0.0023,0.0000,0.0000,0.0000,0.0022,0.0000,200,19.7062
0.0021,0.0000,0.0000,0.0000,0.0021,0.0000,200,19.7065
0.0024,0.0000,0.0000,0.0000,0.0022,0.0000,200,19.7062
0.0026,0.0000,0.0000,0.0000,0.0025,0.0000,200,19.7061
0.0025,0.0000,0.0000,0.0000,0.0024,0.0000,200,19.7062
0.0025,0.0000,0.0000,0.0000,0.0023,0.0000,200,19.7063
0.0026,0.0000,0.0000,0.0000,0.0026,0.0000,200,19.7062
0.0032,0.0000,0.0000,0.0000,0.0031,0.0001,200,19.7057
0.0032,0.0000,0.0000,0.0001,0.0031,0.0000,200,19.7058
0.0022,0.0000,0.0000,0.0000,0.0021,0.0001,200,19.7070
0.0032,0.0000,0.0000,0.0000,0.0031,0.0001,200,19.7061
0.0023,0.0000,0.0000,0.0000,0.0022,0.0000,200,19.7070
0.0036,0.0000,0.0000,0.0001,0.0035,0.0000,200,19.7057
0.0020,0.0000,0.0000,0.0000,0.0018,0.0001,200,19.7075
0.0036,0.0000,0.0000,0.0000,0.0035,0.0000,200,19.7060
0.0027,0.0000,0.0000,0.0000,0.0025,0.0001,200,19.7070
0.0029,0.0000,0.0000,0.0000,0.0027,0.0000,200,19.7068
0.0031,0.0000,0.0000,0.0000,0.0030,0.0001,200,19.7066
0.0031,0.0000,0.0000,0.0000,0.0030,0.0000,200,19.7068
0.0038,0.0000,0.0000,0.0000,0.0036,0.0001,200,19.7062
0.0038,0.0000,0.0000,0.0000,0.0037,0.0000,200,19.7064
0.0038,0.0000,0.0000,0.0000,0.0037,0.0001,200,19.7065
0.0041,0.0000,0.0000,0.0000,0.0040,0.0000,200,19.7063
0.0041,0.0000,0.0000,0.0000,0.0040,0.0001,200,19.7064
0.0041,0.0000,0.0000,0.0000,0.0040,0.0000,200,19.7065
0.0044,0.0000,0.0000,0.0000,0.0043,0.0001,200,19.7063
0.0044,0.0000,0.0000,0.0000,0.0043,0.0000,200,19.7065
0.0050,0.0000,0.0000,0.0000,0.0049,0.0000,200,19.7060
0.0048,0.0000,0.0000,0.0000,0.0047,0.0000,200,19.7062
0.0008,0.0000,0.0000,0.0000,0.0007,0.0001,200,19.7105
0.0011,0.0000,0.0000,0.0000,0.0010,0.0000,200,19.7102
0.0011,0.0000,0.0000,0.0000,0.0011,0.0000,200,19.7104
0.0014,0.0000,0.0000,0.0000,0.0013,0.0001,200,19.7103
0.0017,0.0000,0.0000,0.0000,0.0017,0.0000,200,19.7100
0.0024,0.0000,0.0000,0.0000,0.0023,0.0000,200,19.7097
0.0023,0.0000,0.0000,0.0000,0.0022,0.0001,200,19.7099
0.0025,0.0000,0.0000,0.0000,0.0024,0.0001,200,19.7098
0.0026,0.0000,0.0000,0.0000,0.0025,0.0000,200,19.7097
0.0028,0.0000,0.0000,0.0000,0.0027,0.0001,200,19.7095
0.0031,0.0000,0.0000,0.0000,0.0030,0.0000,200,19.7095
0.0034,0.0000,0.0000,0.0000,0.0033,0.0000,200,19.7093
0.0035,0.0000,0.0000,0.0000,0.0034,0.0000,200,19.7093
0.0991,0.0000,0.0000,0.0000,0.0990,0.0001,200,19.7060
0.0992,0.0000,0.0000,0.0000,0.0992,0.0001,200,19.7059
0.0927,0.0000,0.0000,0.0000,0.0926,0.0001,200,19.7126
0.0961,0.0000,0.0000,0.0000,0.0959,0.0001,200,19.7092
0.0963,0.0000,0.0000,0.0000,0.0961,0.0001,200,19.7090
0.0965,0.0000,0.0000,0.0000,0.0963,0.0001,200,19.7089
0.0965,0.0000,0.0000,0.0000,0.0964,0.0000,200,19.7088
0.0960,0.0000,0.0000,0.0000,0.0958,0.0001,200,19.7094
0.0976,0.0000,0.0000,0.0000,0.0974,0.0001,200,19.7079
0.0968,0.0000,0.0000,0.0000,0.0966,0.0001,200,19.7087
0.0970,0.0000,0.0000,0.0000,0.0969,0.0001,200,19.7086
0.0982,0.0000,0.0000,0.0000,0.0981,0.0001,200,19.7074
0.0970,0.0000,0.0000,0.0000,0.0969,0.0001,200,19.7086
0.0992,0.0000,0.0000,0.0000,0.0991,0.0001,200,19.7065
0.0970,0.0000,0.0000,0.0000,0.0969,0.0001,200,19.7087
0.0984,0.0000,0.0000,0.0000,0.0983,0.0000,200,19.7073
0.0977,0.0000,0.0000,0.0000,0.0975,0.0001,200,19.7083
0.0976,0.0000,0.0000,0.0000,0.0975,0.0000,200,19.7083
0.0979,0.0000,0.0000,0.0000,0.0978,0.0001,200,19.7085
0.2970,0.0000,0.0000,0.0000,0.2969,0.0001,200,19.7081
0.2977,0.0000,0.0000,0.0000,0.2976,0.0001,200,19.7075
0.2963,0.0000,0.0000,0.0000,0.2962,0.0001,200,19.7090
0.2981,0.0000,0.0000,0.0000,0.2980,0.0000,200,19.7072
0.2983,0.0000,0.0000,0.0000,0.2982,0.0001,200,19.7070
0.2992,0.0000,0.0000,0.0001,0.2990,0.0001,200,19.7062
0.2980,0.0000,0.0000,0.0000,0.2978,0.0001,200,19.7075
0.2985,0.0000,0.0000,0.0000,0.2984,0.0000,200,19.7070
0.2003,0.0000,0.0000,0.0001,0.2002,0.0000,200,19.8053
0.2004,0.0000,0.0000,0.0000,0.2002,0.0000,200,19.8053
0.2005,0.0000,0.0000,0.0000,0.2004,0.0000,200,19.8053
0.2009,0.0000,0.0000,0.0000,0.2008,0.0001,200,19.8051
0.2932,0.0000,0.0000,0.0000,0.2931,0.0001,200,19.7129
0.2007,0.0000,0.0000,0.0000,0.2006,0.0001,200,19.8053
0.2010,0.0000,0.0000,0.0000,0.2009,0.0000,200,19.8052
0.2935,0.0000,0.0000,0.0000,0.2934,0.0000,200,19.7127
0.2940,0.0000,0.0000,0.0000,0.2939,0.0000,200,19.7123
0.2942,0.0000,0.0000,0.0000,0.2942,0.0000,200,19.7121
0.2940,0.0000,0.0000,0.0000,0.2939,0.0001,200,19.7124
0.2942,0.0000,0.0000,0.0000,0.2941,0.0000,200,19.7122
0.2944,0.0000,0.0000,0.0000,0.2943,0.0001,200,19.7121
0.2948,0.0000,0.0000,0.0000,0.2947,0.0000,200,19.7117
0.2951,0.0000,0.0000,0.0000,0.2949,0.0000,200,19.7116
0.2950,0.0000,0.0000,0.0000,0.2949,0.0000,200,19.7117
0.2952,0.0000,0.0000,0.0000,0.2952,0.0000,200,19.7115
0.2958,0.0000,0.0000,0.0000,0.2957,0.0001,200,19.7111
0.2961,0.0000,0.0000,0.0000,0.2960,0.0001,200,19.7109
0.2957,0.0000,0.0000,0.0000,0.2955,0.0001,200,19.7115
0.2013,0.0000,0.0000,0.0000,0.2012,0.0001,200,19.8059
0.2963,0.0000,0.0000,0.0000,0.2962,0.0001,200,19.7110
0.2016,0.0000,0.0000,0.0000,0.2015,0.0000,200,19.8058
0.2015,0.0000,0.0000,0.0000,0.2013,0.0001,200,19.8059
0.2969,0.0000,0.0000,0.0000,0.2968,0.0001,200,19.7106
0.2017,0.0000,0.0000,0.0000,0.2017,0.0000,200,19.8057
0.2020,0.0000,0.0000,0.0000,0.2019,0.0000,200,19.8056
0.2020,0.0000,0.0000,0.0000,0.2019,0.0000,200,19.8056
0.2023,0.0000,0.0000,0.0000,0.2022,0.0001,200,19.8056
0.2972,0.0000,0.0000,0.0000,0.2970,0.0000,200,19.7108
0.2022,0.0000,0.0000,0.0000,0.2021,0.0000,200,19.8057
0.2027,0.0000,0.0000,0.0000,0.2026,0.0000,200,19.8053
0.2028,0.0000,0.0000,0.0000,0.2027,0.0000,200,19.8053
0.2027,0.0000,0.0000,0.0000,0.2026,0.0000,200,19.8055
0.3015,0.0000,0.0000,0.0000,0.3014,0.0000,200,19.7069
0.2019,0.0000,0.0000,0.0000,0.2018,0.0000,200,19.8064
0.2030,0.0000,0.0000,0.0000,0.2029,0.0000,200,19.8055
0.3979,0.0000,0.0000,0.0000,0.3978,0.0001,200,20.0080
0.3981,0.0000,0.0000,0.0000,0.3980,0.0001,200,20.0079
0.3994,0.0000,0.0000,0.0000,0.3993,0.0001,200,20.0066
0.3995,0.0000,0.0000,0.0000,0.3993,0.0001,200,20.0066
0.3994,0.0000,0.0000,0.0000,0.3992,0.0001,200,20.0067
0.3991,0.0000,0.0000,0.0000,0.3990,0.0001,200,20.0069
0.4004,0.0000,0.0000,0.0000,0.4003,0.0001,200,20.0057
0.3999,0.0000,0.0000,0.0000,0.3998,0.0001,200,20.0062
0.4011,0.0000,0.0000,0.0000,0.4010,0.0000,200,20.0051
0.4010,0.0000,0.0000,0.0000,0.4009,0.0000,200,20.0053
0.3991,0.0000,0.0000,0.0000,0.3990,0.0001,200,20.0072
0.3998,0.0000,0.0000,0.0000,0.3997,0.0000,200,20.0065
0.4011,0.0000,0.0000,0.0001,0.4009,0.0000,200,20.0055
0.4012,0.0000,0.0000,0.0000,0.4011,0.0001,200,20.0053
0.4010,0.0000,0.0000,0.0000,0.4009,0.0000,200,20.0056
0.3992,0.0000,0.0000,0.0000,0.3991,0.0001,200,20.0077
0.4011,0.0000,0.0000,0.0000,0.4010,0.0000,200,20.0060
0.3992,0.0000,0.0000,0.0000,0.3990,0.0001,200,20.0082
0.0988,0.0000,0.0000,0.0000,0.0987,0.0001,200,20.4073
0.5003,0.0000,0.0000,0.0000,0.5001,0.0001,200,20.0060
0.5011,0.0000,0.0000,0.0000,0.5010,0.0001,200,20.0051
0.0999,0.0000,0.0000,0.0000,0.0998,0.0001,200,20.4065
0.1007,0.0000,0.0000,0.0000,0.1006,0.0001,200,20.4059
0.5003,0.0000,0.0000,0.0000,0.5001,0.0000,200,20.0064
0.4990,0.0000,0.0000,0.0000,0.4988,0.0001,200,20.0079
0.4993,0.0000,0.0000,0.0000,0.4992,0.0000,200,20.0076
0.1009,0.0000,0.0000,0.0000,0.1008,0.0001,200,20.4061
0.1010,0.0000,0.0000,0.0000,0.1009,0.0001,200,20.4063
0.1011,0.0000,0.0000,0.0000,0.1010,0.0001,200,20.4063
0.1015,0.0000,0.0000,0.0000,0.1014,0.0000,200,20.4061
0.1014,0.0000,0.0000,0.0000,0.1014,0.0001,200,20.4062
0.1015,0.0000,0.0000,0.0000,0.1013,0.0001,200,20.4063
0.1020,0.0000,0.0000,0.0000,0.1019,0.0001,200,20.4060
0.5027,0.0000,0.0000,0.0000,0.5026,0.0001,200,20.0053
0.1015,0.0000,0.0000,0.0000,0.1014,0.0001,200,20.4066
0.5000,0.0000,0.0000,0.0000,0.4998,0.0001,200,20.0083
0.1016,0.0000,0.0000,0.0001,0.1014,0.0001,200,20.4068
0.2969,0.0000,0.0000,0.0000,0.2968,0.0001,200,20.5083
0.2972,0.0000,0.0000,0.0000,0.2971,0.0001,200,20.5080
0.3989,0.0000,0.0000,0.0000,0.3988,0.0001,200,20.4065
0.3984,0.0000,0.0000,0.0000,0.3982,0.0001,200,20.5069
0.8970,0.0000,0.0000,0.0000,0.8969,0.0001,200,20.0083
0.4994,0.0000,0.0000,0.0000,0.4993,0.0001,200,20.4060
0.4983,0.0000,0.0000,0.0000,0.4981,0.0001,200,20.4072
0.8982,0.0000,0.0000,0.0000,0.8981,0.0001,200,20.0073
0.8993,0.0000,0.0000,0.0000,0.8991,0.0001,200,20.0062
0.4995,0.0000,0.0000,0.0000,0.4994,0.0001,200,20.4060
0.1001,0.0000,0.0000,0.0000,0.0999,0.0001,200,20.8055
0.8975,0.0000,0.0000,0.0000,0.8974,0.0001,200,20.0081
0.4996,0.0000,0.0000,0.0000,0.4995,0.0001,200,20.4060
0.8983,0.0000,0.0000,0.0000,0.8982,0.0001,200,20.0074
0.8999,0.0000,0.0000,0.0000,0.8997,0.0001,200,20.0058
0.8988,0.0000,0.0000,0.0000,0.8987,0.0000,200,20.0069
0.8983,0.0000,0.0000,0.0000,0.8982,0.0000,200,20.0075
0.9003,0.0000,0.0000,0.0000,0.9002,0.0000,200,20.0055
0.8977,0.0000,0.0000,0.0000,0.8975,0.0001,200,20.0081
0.3988,0.0000,0.0000,0.0000,0.3987,0.0001,200,20.5070
0.8997,0.0000,0.0000,0.0000,0.8996,0.0001,200,20.0062
0.3996,0.0000,0.0000,0.0000,0.3996,0.0000,200,20.5063
0.8974,0.0000,0.0000,0.0000,0.8973,0.0000,200,20.0085
0.8992,0.0000,0.0000,0.0000,0.8991,0.0001,200,20.0067
0.3997,0.0000,0.0000,0.0000,0.3996,0.0001,200,20.5062
0.8996,0.0000,0.0000,0.0000,0.8995,0.0000,200,20.0064
0.3996,0.0000,0.0000,0.0000,0.3994,0.0001,200,20.5064
0.8986,0.0000,0.0000,0.0000,0.8985,0.0001,200,20.0075
0.5001,0.0000,0.0000,0.0000,0.5000,0.0000,200,20.4060
0.8997,0.0000,0.0000,0.0000,0.8996,0.0000,200,20.0065
0.4001,0.0000,0.0000,0.0000,0.4000,0.0000,200,20.5061
0.3996,0.0000,0.0000,0.0000,0.3995,0.0001,200,20.5066
0.3984,0.0000,0.0000,0.0000,0.3983,0.0001,200,20.5080
0.3989,0.0000,0.0000,0.0000,0.3988,0.0001,200,20.5077
0.3993,0.0000,0.0000,0.0000,0.3992,0.0000,200,20.5073
0.9005,0.0000,0.0000,0.0000,0.9004,0.0000,200,20.0060
0.8994,0.0000,0.0000,0.0000,0.8993,0.0001,200,20.0074
0.8995,0.0000,0.0000,0.0001,0.8994,0.0000,200,20.0073
0.3995,0.0000,0.0000,0.0000,0.3994,0.0000,200,20.5075
0.3992,0.0000,0.0000,0.0000,0.3990,0.0001,200,20.5078
0.4001,0.0000,0.0000,0.0000,0.4000,0.0000,200,20.5069
0.3987,0.0000,0.0000,0.0000,0.3985,0.0001,200,20.5084
0.9017,0.0000,0.0000,0.0000,0.9016,0.0000,200,20.0054
0.3995,0.0000,0.0000,0.0000,0.3994,0.0000,200,20.5077
0.3993,0.0000,0.0000,0.0000,0.3992,0.0000,200,20.5081
0.1022,0.0000,0.0000,0.0000,0.1021,0.0000,200,20.8052
0.1021,0.0000,0.0000,0.0000,0.1019,0.0001,200,20.8053
0.4013,0.0000,0.0000,0.0000,0.4012,0.0000,200,20.5066
0.0979,0.0000,0.0000,0.0000,0.0978,0.0001,200,20.9073
0.0980,0.0000,0.0000,0.0000,0.0979,0.0001,200,20.9073
0.0984,0.0000,0.0000,0.0000,0.0983,0.0001,200,20.9069
0.0983,0.0000,0.0000,0.0000,0.0981,0.0001,200,20.9071
0.2997,0.0000,0.0000,0.0000,0.2996,0.0001,200,20.9062
0.2994,0.0000,0.0000,0.0000,0.2993,0.0001,200,20.9066
0.2996,0.0000,0.0000,0.0000,0.2994,0.0001,200,20.9065
0.4997,0.0000,0.0000,0.0001,0.4995,0.0001,200,20.9055
0.4993,0.0000,0.0000,0.0000,0.4992,0.0001,200,20.9059
0.4997,0.0000,0.0000,0.0000,0.4995,0.0001,200,20.9056
0.4992,0.0000,0.0000,0.0000,0.4991,0.0001,200,20.9062
0.4997,0.0000,0.0000,0.0000,0.4995,0.0001,200,20.9058
0.6998,0.0000,0.0000,0.0000,0.6997,0.0001,200,20.9056
0.7000,0.0000,0.0000,0.0001,0.6998,0.0001,200,20.9054
0.6987,0.0000,0.0000,0.0000,0.6985,0.0001,200,20.9068
0.6997,0.0000,0.0000,0.0000,0.6995,0.0001,200,20.9058
0.6982,0.0000,0.0000,0.0000,0.6981,0.0001,200,20.9073
0.6991,0.0000,0.0000,0.0000,0.6989,0.0001,200,20.9065
0.7000,0.0000,0.0000,0.0000,0.6999,0.0001,200,20.9056
0.6986,0.0000,0.0000,0.0000,0.6984,0.0001,200,20.9070
0.6988,0.0000,0.0000,0.0000,0.6987,0.0001,200,20.9068
0.7002,0.0000,0.0000,0.0000,0.7000,0.0001,200,20.9055
0.6004,0.0000,0.0000,0.0000,0.6003,0.0001,200,21.0053
0.7000,0.0000,0.0000,0.0000,0.6998,0.0001,200,20.9058
0.6988,0.0000,0.0000,0.0000,0.6986,0.0001,200,20.9069
0.3997,0.0000,0.0000,0.0000,0.3996,0.0001,200,21.2060
0.6999,0.0000,0.0000,0.0000,0.6997,0.0001,200,20.9059
0.6004,0.0000,0.0000,0.0000,0.6003,0.0001,200,21.0054
0.7004,0.0000,0.0000,0.0000,0.7002,0.0001,200,20.9055
0.6999,0.0000,0.0000,0.0000,0.6997,0.0001,200,20.9059
0.2006,0.0000,0.0000,0.0000,0.2004,0.0001,200,21.4053
0.6993,0.0000,0.0000,0.0000,0.6992,0.0000,200,20.9066
0.2007,0.0000,0.0000,0.0000,0.2003,0.0003,200,21.4053
0.2006,0.0000,0.0000,0.0000,0.2004,0.0002,200,21.4054
0.6006,0.0000,0.0000,0.0000,0.6004,0.0002,200,21.0054
0.6006,0.0000,0.0000,0.0000,0.6005,0.0001,200,21.0054
0.7004,0.0000,0.0000,0.0000,0.7002,0.0000,200,20.9056
0.6988,0.0000,0.0000,0.0000,0.6987,0.0001,200,20.9072
0.6998,0.0000,0.0000,0.0000,0.6997,0.0001,200,20.9062
0.7004,0.0000,0.0000,0.0000,0.7002,0.0001,200,20.9058
0.7009,0.0000,0.0000,0.0000,0.7006,0.0002,200,20.9053
0.7005,0.0000,0.0000,0.0001,0.7004,0.0000,200,20.9057
0.7007,0.0000,0.0000,0.0001,0.7005,0.0001,200,20.9056
0.2011,0.0000,0.0000,0.0000,0.2010,0.0000,200,21.4052
0.6992,0.0000,0.0000,0.0000,0.6991,0.0000,200,20.9071
0.7003,0.0000,0.0000,0.0000,0.7002,0.0001,200,20.9061
0.7004,0.0000,0.0000,0.0000,0.7004,0.0000,200,20.9060
0.7006,0.0000,0.0000,0.0000,0.7004,0.0000,200,20.9059
0.7010,0.0000,0.0000,0.0000,0.7009,0.0001,200,20.9055
0.7005,0.0000,0.0000,0.0000,0.7005,0.0000,200,20.9060
0.0010,0.0000,0.0000,0.0000,0.0009,0.0000,200,21.6055
0.6987,0.0000,0.0000,0.0000,0.6986,0.0000,200,20.9079
0.7005,0.0000,0.0000,0.0000,0.7004,0.0000,200,20.9061
0.0013,0.0000,0.0000,0.0000,0.0011,0.0001,200,21.6054
0.0014,0.0000,0.0000,0.0000,0.0012,0.0001,200,21.6055
0.4009,0.0000,0.0000,0.0000,0.4008,0.0001,200,21.2060
0.2015,0.0000,0.0000,0.0000,0.2014,0.0000,200,21.4054
0.7011,0.0000,0.0000,0.0000,0.7010,0.0000,200,20.9060
0.2000,0.0000,0.0000,0.0000,0.1999,0.0001,200,21.6054
0.2998,0.0000,0.0000,0.0000,0.2997,0.0001,200,21.6056
0.2986,0.0000,0.0000,0.0000,0.2985,0.0001,200,21.6069
0.2986,0.0000,0.0000,0.0000,0.2985,0.0001,200,21.6069
0.2982,0.0000,0.0000,0.0000,0.2981,0.0001,200,21.6074
0.5992,0.0000,0.0000,0.0000,0.5991,0.0001,200,21.6063
0.5998,0.0000,0.0000,0.0000,0.5997,0.0001,200,21.6057
0.3002,0.0000,0.0000,0.0000,0.3000,0.0001,200,21.9054
0.5989,0.0000,0.0000,0.0000,0.5988,0.0000,200,21.6067
0.5990,0.0000,0.0000,0.0000,0.5988,0.0001,200,21.6067
0.5995,0.0000,0.0000,0.0000,0.5993,0.0001,200,21.6062
0.5993,0.0000,0.0000,0.0000,0.5991,0.0001,200,21.6064
0.8998,0.0000,0.0000,0.0000,0.8996,0.0001,200,21.6058
0.8992,0.0000,0.0000,0.0000,0.8991,0.0001,200,21.6064
0.8996,0.0000,0.0000,0.0000,0.8994,0.0001,200,21.6061
0.8992,0.0000,0.0000,0.0000,0.8990,0.0001,200,21.6065
0.8998,0.0000,0.0000,0.0001,0.8996,0.0001,200,21.6060
0.8996,0.0000,0.0000,0.0000,0.8994,0.0001,200,21.6062
0.8994,0.0000,0.0000,0.0000,0.8992,0.0001,200,21.6065
0.9001,0.0000,0.0000,0.0000,0.8999,0.0001,200,21.6058
0.9003,0.0000,0.0000,0.0000,0.9002,0.0001,200,21.6056
0.3003,0.0000,0.0000,0.0000,0.3002,0.0000,200,22.2057
0.8989,0.0000,0.0000,0.0000,0.8988,0.0001,200,21.6071
0.6005,0.0000,0.0000,0.0000,0.6004,0.0000,200,21.9056
0.8995,0.0000,0.0000,0.0000,0.8994,0.0000,200,21.6066
1.0001,0.0000,0.0000,0.0000,0.9999,0.0001,200,21.8054
1.1990,0.0000,0.0000,0.0000,1.1989,0.0001,200,21.6065
1.1986,0.0000,0.0000,0.0000,1.1984,0.0001,200,21.6069
1.1992,0.0000,0.0000,0.0000,1.1991,0.0001,200,21.6063
1.1996,0.0000,0.0000,0.0000,1.1994,0.0001,200,21.6059
1.1995,0.0000,0.0000,0.0000,1.1994,0.0001,200,21.6060
1.1999,0.0000,0.0000,0.0000,1.1997,0.0000,200,21.6057
1.9003,0.0000,0.0000,0.0000,1.9002,0.0001,200,20.9054
0.9002,0.0000,0.0000,0.0000,0.9000,0.0001,200,21.9056
1.2008,0.0000,0.0000,0.0000,1.2006,0.0000,200,21.6055
1.6010,0.0000,0.0000,0.0001,1.6008,0.0001,200,21.2059
1.4997,0.0000,0.0000,0.0000,1.4996,0.0001,200,21.6056
0.8997,0.0000,0.0000,0.0000,0.8996,0.0001,200,22.2056
1.4996,0.0000,0.0000,0.0000,1.4995,0.0001,200,21.6058
1.4998,0.0000,0.0000,0.0000,1.4996,0.0001,200,21.6058
0.2988,0.0000,0.0000,0.0000,0.2986,0.0000,200,22.8069
0.2999,0.0000,0.0000,0.0000,0.2998,0.0001,200,22.8057
1.4998,0.0000,0.0000,0.0001,1.4996,0.0001,200,21.6059
1.4999,0.0000,0.0000,0.0001,1.4997,0.0001,200,21.6058
0.3002,0.0000,0.0000,0.0001,0.3000,0.0001,200,22.8056
0.5998,0.0000,0.0000,0.0000,0.5997,0.0000,200,22.5059
1.4997,0.0000,0.0000,0.0000,1.4995,0.0001,200,21.6061
0.9002,0.0000,0.0000,0.0000,0.9000,0.0001,200,22.2056
0.5999,0.0000,0.0000,0.0000,0.5997,0.0002,200,22.5059
1.4998,0.0000,0.0000,0.0000,1.4996,0.0001,200,21.6060
1.4996,0.0000,0.0000,0.0001,1.4994,0.0001,200,21.6063
0.5998,0.0000,0.0000,0.0000,0.5996,0.0001,200,22.5061
0.3004,0.0000,0.0000,0.0000,0.3002,0.0001,200,22.8055
0.9002,0.0000,0.0000,0.0000,0.9000,0.0001,200,22.2057
0.6001,0.0000,0.0000,0.0000,0.5999,0.0001,200,22.5058
0.5999,0.0000,0.0000,0.0000,0.5998,0.0001,200,22.5061
0.2997,0.0000,0.0000,0.0000,0.2996,0.0000,200,22.8063
0.9005,0.0000,0.0000,0.0000,0.9003,0.0001,200,22.2056
1.5001,0.0000,0.0000,0.0000,1.4999,0.0001,200,21.6060
0.6002,0.0000,0.0000,0.0000,0.6001,0.0000,200,22.5059
0.3006,0.0000,0.0000,0.0000,0.3005,0.0001,200,22.8055
0.6006,0.0000,0.0000,0.0000,0.6004,0.0001,200,22.5055
1.2006,0.0000,0.0000,0.0000,1.2004,0.0002,200,21.9055
1.5002,0.0000,0.0000,0.0000,1.5000,0.0001,200,21.6060
0.6006,0.0000,0.0000,0.0000,0.6005,0.0000,200,22.5056
0.6003,0.0000,0.0000,0.0000,0.6002,0.0000,200,22.5059
0.3008,0.0000,0.0000,0.0000,0.3006,0.0001,200,22.8055
0.9008,0.0000,0.0000,0.0000,0.9007,0.0000,200,22.2055
0.3009,0.0000,0.0000,0.0000,0.3008,0.0001,200,22.8055
1.5007,0.0000,0.0000,0.0000,1.5006,0.0001,200,21.6056
1.5007,0.0000,0.0000,0.0000,1.5006,0.0000,200,21.6057
0.0011,0.0000,0.0000,0.0000,0.0010,0.0001,200,23.1054
0.3011,0.0000,0.0000,0.0000,0.3009,0.0001,200,22.8055
0.6010,0.0000,0.0000,0.0000,0.6009,0.0001,200,22.5056
0.0011,0.0000,0.0000,0.0000,0.0010,0.0000,200,23.1055
0.6007,0.0000,0.0000,0.0001,0.6006,0.0000,200,22.5059
0.0014,0.0000,0.0000,0.0000,0.0013,0.0000,200,23.1053
1.5010,0.0000,0.0000,0.0000,1.5009,0.0001,200,21.6057
0.0010,0.0000,0.0000,0.0000,0.0009,0.0001,200,23.1058
0.6011,0.0000,0.0000,0.0000,0.6009,0.0000,200,22.5058
0.6012,0.0000,0.0000,0.0000,0.6011,0.0000,200,22.5056
0.0017,0.0000,0.0000,0.0000,0.0016,0.0000,200,23.1053
0.0013,0.0000,0.0000,0.0000,0.0012,0.0000,200,23.1057
0.9013,0.0000,0.0000,0.0000,0.9011,0.0001,200,22.2056
0.0013,0.0000,0.0000,0.0000,0.0010,0.0001,200,23.1058
1.5012,0.0000,0.0000,0.0000,1.5011,0.0001,200,21.6060
0.0016,0.0000,0.0000,0.0001,0.0014,0.0001,200,23.1056
0.0016,0.0000,0.0000,0.0000,0.0014,0.0001,200,23.1058
0.0015,0.0000,0.0000,0.0000,0.0014,0.0000,200,23.1059
0.0016,0.0000,0.0000,0.0000,0.0013,0.0000,200,23.1058
0.0018,0.0000,0.0000,0.0001,0.0015,0.0000,200,23.1057
0.3019,0.0000,0.0000,0.0001,0.3017,0.0000,200,22.8056
0.0016,0.0000,0.0000,0.0000,0.0014,0.0000,200,23.1058
0.0017,0.0000,0.0000,0.0000,0.0015,0.0001,200,23.1060
0.0019,0.0000,0.0000,0.0000,0.0018,0.0000,200,23.1058
0.0015,0.0000,0.0000,0.0000,0.0014,0.0000,200,23.1062
0.0020,0.0000,0.0000,0.0002,0.0017,0.0001,200,23.1058
0.0020,0.0000,0.0000,0.0000,0.0018,0.0000,200,23.1059
0.0019,0.0000,0.0000,0.0001,0.0018,0.0000,200,23.1060
0.0019,0.0000,0.0000,0.0000,0.0017,0.0000,200,23.1062
0.0021,0.0000,0.0000,0.0000,0.0020,0.0000,200,23.1061
0.0020,0.0000,0.0000,0.0000,0.0019,0.0000,200,23.1063
0.0025,0.0000,0.0000,0.0000,0.0022,0.0001,200,23.1058
0.0022,0.0000,0.0000,0.0000,0.0021,0.0000,200,23.1061
0.0025,0.0000,0.0000,0.0000,0.0023,0.0001,200,23.1059
0.0016,0.0000,0.0000,0.0000,0.0015,0.0000,200,23.1070
0.0013,0.0000,0.0000,0.0000,0.0012,0.0000,200,23.1074
0.0023,0.0000,0.0000,0.0000,0.0022,0.0000,200,23.1063
0.0026,0.0000,0.0000,0.0000,0.0025,0.0001,200,23.1061
0.0028,0.0000,0.0000,0.0000,0.0026,0.0000,200,23.1058
0.0019,0.0000,0.0000,0.0000,0.0018,0.0001,200,23.1069
0.0027,0.0000,0.0000,0.0000,0.0026,0.0000,200,23.1061
0.0019,0.0000,0.0000,0.0000,0.0018,0.0001,200,23.1070
0.0022,0.0000,0.0000,0.0000,0.0021,0.0000,200,23.1068
0.0983,0.0000,0.0000,0.0000,0.0982,0.0001,200,23.1067
0.0988,0.0000,0.0000,0.0000,0.0987,0.0001,200,23.1064
0.0990,0.0000,0.0000,0.0000,0.0988,0.0001,200,23.1063
0.0990,0.0000,0.0000,0.0000,0.0988,0.0001,200,23.1064
0.0989,0.0000,0.0000,0.0000,0.0988,0.0000,200,23.1065
0.0961,0.0000,0.0000,0.0000,0.0960,0.0001,200,23.1094
0.0990,0.0000,0.0000,0.0000,0.0989,0.0001,200,23.1066
0.0967,0.0000,0.0000,0.0000,0.0966,0.0001,200,23.1089
0.0970,0.0000,0.0000,0.0000,0.0970,0.0000,200,23.1087
0.0968,0.0000,0.0000,0.0000,0.0967,0.0000,200,23.1090
0.0973,0.0000,0.0000,0.0000,0.0972,0.0000,200,23.1086
0.0972,0.0000,0.0000,0.0000,0.0970,0.0001,200,23.1088
0.0973,0.0000,0.0000,0.0000,0.0972,0.0000,200,23.1088
0.0978,0.0000,0.0000,0.0000,0.0977,0.0000,200,23.1083
0.0980,0.0000,0.0000,0.0000,0.0978,0.0001,200,23.1082
0.0976,0.0000,0.0000,0.0000,0.0975,0.0000,200,23.1086
0.0987,0.0000,0.0000,0.0000,0.0985,0.0001,200,23.1078
0.0981,0.0000,0.0000,0.0000,0.0981,0.0001,200,23.1083
0.0981,0.0000,0.0000,0.0000,0.0980,0.0001,200,23.1083
0.0980,0.0000,0.0000,0.0000,0.0979,0.0000,200,23.1086
0.1007,0.0000,0.0000,0.0000,0.1005,0.0001,200,23.1061
0.0990,0.0000,0.0000,0.0000,0.0989,0.0000,200,23.1078
0.0989,0.0000,0.0000,0.0000,0.0988,0.0000,200,23.1080
0.0992,0.0000,0.0000,0.0000,0.0991,0.0001,200,23.1078
0.0987,0.0000,0.0000,0.0000,0.0986,0.0001,200,23.1083
0.0994,0.0000,0.0000,0.0000,0.0993,0.0001,200,23.1077
0.0992,0.0000,0.0000,0.0000,0.0991,0.0001,200,23.1079
0.0996,0.0000,0.0000,0.0000,0.0994,0.0001,200,23.1077
0.0998,0.0000,0.0000,0.0000,0.0996,0.0001,200,23.1075
0.0999,0.0000,0.0000,0.0000,0.0998,0.0000,200,23.1076
0.0998,0.0000,0.0000,0.0000,0.0997,0.0001,200,23.1076
0.1001,0.0000,0.0000,0.0000,0.1000,0.0001,200,23.1075
0.1002,0.0000,0.0000,0.0000,0.1001,0.0001,200,23.1074
0.1003,0.0000,0.0000,0.0000,0.1001,0.0000,200,23.1075
0.1003,0.0000,0.0000,0.0000,0.1002,0.0001,200,23.1076
0.1012,0.0000,0.0000,0.0000,0.1011,0.0000,200,23.1068
0.1015,0.0000,0.0000,0.0001,0.1014,0.0000,200,23.1066
0.1015,0.0000,0.0000,0.0001,0.1013,0.0000,200,23.1066
0.1007,0.0000,0.0000,0.0000,0.1006,0.0000,200,23.1076
0.0010,0.0000,0.0000,0.0000,0.0009,0.0000,200,23.2074
0.0013,0.0000,0.0000,0.0000,0.0012,0.0001,200,23.2071
0.0013,0.0000,0.0000,0.0000,0.0012,0.0000,200,23.2071
0.0012,0.0000,0.0000,0.0000,0.0011,0.0000,200,23.2073
0.0017,0.0000,0.0000,0.0000,0.0016,0.0001,200,23.2069
0.0014,0.0000,0.0000,0.0000,0.0013,0.0000,200,23.2073
0.0017,0.0000,0.0000,0.0000,0.0016,0.0001,200,23.2070
0.0020,0.0000,0.0000,0.0000,0.0019,0.0000,200,23.2068
0.9002,0.0000,0.0000,0.0000,0.9001,0.0001,200,22.8057
0.4981,0.0000,0.0000,0.0000,0.4980,0.0001,200,23.2080
0.4996,0.0000,0.0000,0.0000,0.4995,0.0001,200,23.2065
0.4976,0.0000,0.0000,0.0000,0.4974,0.0001,200,23.2086
0.4980,0.0000,0.0000,0.0000,0.4979,0.0001,200,23.2081
0.5000,0.0000,0.0000,0.0000,0.4999,0.0000,200,23.2062
0.5002,0.0000,0.0000,0.0000,0.5001,0.0001,200,23.2061
0.5991,0.0000,0.0000,0.0000,0.5990,0.0000,200,23.1072
0.5010,0.0000,0.0000,0.0000,0.5009,0.0000,200,23.2053
0.4994,0.0000,0.0000,0.0000,0.4993,0.0001,200,23.2070
0.6003,0.0000,0.0000,0.0000,0.6002,0.0001,200,23.1060
0.4979,0.0000,0.0000,0.0000,0.4977,0.0001,200,23.2085
0.5004,0.0000,0.0000,0.0000,0.5003,0.0001,200,23.2060
0.5999,0.0000,0.0000,0.0000,0.5997,0.0001,200,23.1065
0.5005,0.0000,0.0000,0.0000,0.5004,0.0000,200,23.2060
0.4982,0.0000,0.0000,0.0000,0.4981,0.0000,200,23.2084
0.4983,0.0000,0.0000,0.0000,0.4982,0.0000,200,23.2083
0.5001,0.0000,0.0000,0.0001,0.4999,0.0001,200,23.2065
0.4981,0.0000,0.0000,0.0000,0.4980,0.0001,200,23.2087
0.5994,0.0000,0.0000,0.0000,0.5993,0.0000,200,23.1074
0.4985,0.0000,0.0000,0.0001,0.4983,0.0001,200,23.2084
0.5005,0.0000,0.0000,0.0000,0.5004,0.0001,200,23.2064
0.5996,0.0000,0.0000,0.0000,0.5995,0.0000,200,23.1075
0.5019,0.0000,0.0000,0.0000,0.5018,0.0001,200,23.2052
0.5024,0.0000,0.0000,0.0000,0.5022,0.0001,200,23.2057
0.5028,0.0000,0.0000,0.0000,0.5027,0.0001,200,23.2054
0.5027,0.0000,0.0000,0.0000,0.5025,0.0001,200,23.2056
0.5019,0.0000,0.0000,0.0000,0.5018,0.0000,200,23.2065
0.5031,0.0000,0.0000,0.0000,0.5029,0.0001,200,23.2055
0.5034,0.0000,0.0000,0.0000,0.5033,0.0000,200,23.2052
0.5010,0.0000,0.0000,0.0000,0.5009,0.0000,200,23.2078
0.9978,0.0000,0.0000,0.0000,0.9976,0.0001,200,23.2074
0.9985,0.0000,0.0000,0.0000,0.9984,0.0001,200,23.2068
0.9996,0.0000,0.0000,0.0000,0.9995,0.0001,200,23.2057
0.4967,0.0000,0.0000,0.0000,0.4966,0.0000,200,23.7086
0.4971,0.0000,0.0000,0.0000,0.4969,0.0001,200,23.7083
1.0003,0.0000,0.0000,0.0000,1.0002,0.0001,200,23.2051
0.9970,0.0000,0.0000,0.0000,0.9969,0.0001,200,23.2084
0.4966,0.0000,0.0000,0.0000,0.4965,0.0001,200,23.7088
1.0977,0.0000,0.0000,0.0000,1.0976,0.0001,200,23.2076
0.5991,0.0000,0.0000,0.0000,0.5990,0.0001,200,23.7064
0.5987,0.0000,0.0000,0.0000,0.5986,0.0001,200,23.7068
0.1001,0.0000,0.0000,0.0001,0.1000,0.0001,200,24.2054
0.1002,0.0000,0.0000,0.0000,0.1001,0.0001,200,24.2054
0.1003,0.0000,0.0000,0.0000,0.1001,0.0001,200,24.2053
0.0010,0.0000,0.0000,0.0000,0.0009,0.0001,200,24.3055
0.0011,0.0000,0.0000,0.0000,0.0010,0.0000,200,24.3055
0.0011,0.0000,0.0000,0.0000,0.0010,0.0001,200,24.3056
0.0980,0.0000,0.0000,0.0000,0.0979,0.0001,200,24.3074
0.8992,0.0000,0.0000,0.0000,0.8991,0.0001,200,23.7062
0.8985,0.0000,0.0000,0.0000,0.8984,0.0001,200,23.7069
1.3966,0.0000,0.0000,0.0000,1.3965,0.0001,200,23.2088
0.8996,0.0000,0.0000,0.0001,0.8995,0.0001,200,23.7059
1.3994,0.0000,0.0000,0.0000,1.3993,0.0000,200,23.2062
0.8970,0.0000,0.0000,0.0000,0.8969,0.0001,200,23.7086
0.2982,0.0000,0.0000,0.0000,0.2980,0.0001,200,24.3075
0.8986,0.0000,0.0000,0.0000,0.8985,0.0000,200,23.7071
0.3002,0.0000,0.0000,0.0000,0.3000,0.0001,200,24.3056
0.4003,0.0000,0.0000,0.0001,0.4002,0.0001,200,24.2054
1.3979,0.0000,0.0000,0.0000,1.3978,0.0001,200,23.2079
0.8996,0.0000,0.0000,0.0000,0.8994,0.0001,200,23.7061
0.8975,0.0000,0.0000,0.0000,0.8974,0.0001,200,23.7082
0.8995,0.0000,0.0000,0.0000,0.8994,0.0001,200,23.7063
0.2984,0.0000,0.0000,0.0000,0.2982,0.0001,200,24.3074
0.4005,0.0000,0.0000,0.0000,0.4003,0.0001,200,24.2053
0.8992,0.0000,0.0000,0.0000,0.8991,0.0001,200,23.7066
1.3970,0.0000,0.0000,0.0000,1.3969,0.0001,200,23.2088
0.8998,0.0000,0.0000,0.0001,0.8996,0.0001,200,23.7061
0.8998,0.0000,0.0000,0.0000,0.8996,0.0000,200,23.7061
0.8998,0.0000,0.0000,0.0000,0.8996,0.0001,200,23.7062
0.3005,0.0000,0.0000,0.0000,0.3004,0.0001,200,24.3055
1.4005,0.0000,0.0000,0.0000,1.4004,0.0001,200,23.2055
0.8994,0.0000,0.0000,0.0000,0.8993,0.0000,200,23.7066
0.4007,0.0000,0.0000,0.0000,0.4006,0.0000,200,24.2053
0.4007,0.0000,0.0000,0.0000,0.4005,0.0001,200,24.2053
1.3980,0.0000,0.0000,0.0000,1.3979,0.0000,200,23.2081
0.2008,0.0000,0.0000,0.0000,0.2006,0.0000,200,24.4054
0.8998,0.0000,0.0000,0.0000,0.8996,0.0000,200,23.7065
0.8979,0.0000,0.0000,0.0000,0.8978,0.0001,200,23.7083
0.8999,0.0000,0.0000,0.0000,0.8998,0.0001,200,23.7064
0.9000,0.0000,0.0000,0.0000,0.8999,0.0000,200,23.7064
0.8995,0.0000,0.0000,0.0000,0.8994,0.0001,200,23.7069
0.3011,0.0000,0.0000,0.0000,0.3010,0.0001,200,24.3053
0.8999,0.0000,0.0000,0.0000,0.8998,0.0000,200,23.7066
0.9001,0.0000,0.0000,0.0000,0.9000,0.0001,200,23.7064
0.4014,0.0000,0.0000,0.0000,0.4013,0.0000,200,24.2052
0.0010,0.0000,0.0000,0.0000,0.0008,0.0001,200,24.6056
0.9003,0.0000,0.0000,0.0000,0.9002,0.0001,200,23.7064
1.4006,0.0000,0.0000,0.0000,1.4005,0.0001,200,23.2061
0.9005,0.0000,0.0000,0.0000,0.9004,0.0000,200,23.7063
1.3991,0.0000,0.0000,0.0000,1.3990,0.0000,200,23.2076
0.0014,0.0000,0.0000,0.0001,0.0013,0.0000,200,24.6054
0.9000,0.0000,0.0000,0.0000,0.8999,0.0000,200,23.7068
0.0012,0.0000,0.0000,0.0000,0.0011,0.0001,200,24.6058
0.0013,0.0000,0.0000,0.0000,0.0012,0.0000,200,24.6058
0.0013,0.0000,0.0000,0.0000,0.0012,0.0000,200,24.6058
0.9000,0.0000,0.0000,0.0000,0.8999,0.0000,200,23.7071
0.0015,0.0000,0.0000,0.0000,0.0014,0.0000,200,24.6056
0.0014,0.0000,0.0000,0.0000,0.0014,0.0000,200,24.6057
0.0019,0.0000,0.0000,0.0000,0.0018,0.0000,200,24.6054
0.0018,0.0000,0.0000,0.0000,0.0017,0.0000,200,24.6058
0.0019,0.0000,0.0000,0.0001,0.0018,0.0000,200,24.6056
0.0019,0.0000,0.0000,0.0000,0.0018,0.0001,200,24.6057
0.9016,0.0000,0.0000,0.0000,0.9014,0.0001,200,23.7063
0.0026,0.0000,0.0000,0.0000,0.0024,0.0001,200,24.6054
0.0022,0.0000,0.0000,0.0001,0.0020,0.0000,200,24.6058
0.0024,0.0000,0.0000,0.0000,0.0023,0.0000,200,24.6056
0.0022,0.0000,0.0000,0.0000,0.0021,0.0000,200,24.6059
0.9000,0.0000,0.0000,0.0000,0.8999,0.0001,200,23.7081
0.0024,0.0000,0.0000,0.0000,0.0023,0.0000,200,24.6058
0.0020,0.0000,0.0000,0.0000,0.0019,0.0001,200,24.6065
0.0023,0.0000,0.0000,0.0000,0.0022,0.0001,200,24.6063
0.0019,0.0000,0.0000,0.0000,0.0018,0.0000,200,24.6068
0.0020,0.0000,0.0000,0.0000,0.0019,0.0000,200,24.6068
0.0022,0.0000,0.0000,0.0000,0.0021,0.0000,200,24.6065
0.0021,0.0000,0.0000,0.0000,0.0020,0.0001,200,24.6067
0.0993,0.0000,0.0000,0.0000,0.0991,0.0001,200,24.6059
0.0991,0.0000,0.0000,0.0000,0.0989,0.0001,200,24.6062
0.0993,0.0000,0.0000,0.0000,0.0991,0.0001,200,24.6060
0.0982,0.0000,0.0000,0.0000,0.0981,0.0001,200,24.6071
0.0966,0.0000,0.0000,0.0000,0.0964,0.0001,200,24.6088
0.3000,0.0000,0.0000,0.0000,0.2998,0.0001,200,24.6058
0.2984,0.0000,0.0000,0.0000,0.2982,0.0001,200,24.6075
0.2984,0.0000,0.0000,0.0000,0.2983,0.0001,200,24.6075
0.2992,0.0000,0.0000,0.0000,0.2991,0.0001,200,24.6068
0.3002,0.0000,0.0000,0.0000,0.3001,0.0001,200,24.6058
0.3001,0.0000,0.0000,0.0000,0.2999,0.0001,200,24.6060
0.2988,0.0000,0.0000,0.0000,0.2987,0.0001,200,24.6073
0.3000,0.0000,0.0000,0.0001,0.2999,0.0000,200,24.6062
0.2974,0.0000,0.0000,0.0000,0.2973,0.0000,200,24.6088
0.2010,0.0000,0.0000,0.0000,0.2009,0.0001,200,24.7053
0.2979,0.0000,0.0000,0.0000,0.2978,0.0001,200,24.6085
0.4971,0.0000,0.0000,0.0000,0.4969,0.0001,200,24.6080
0.6989,0.0000,0.0000,0.0000,0.6988,0.0001,200,24.6063
0.6972,0.0000,0.0000,0.0000,0.6971,0.0001,200,24.6081
0.6978,0.0000,0.0000,0.0000,0.6977,0.0001,200,24.6075
0.6967,0.0000,0.0000,0.0000,0.6966,0.0001,200,24.6087
0.3993,0.0000,0.0000,0.0000,0.3992,0.0001,200,24.9062
0.6996,0.0000,0.0000,0.0000,0.6994,0.0001,200,24.6059
0.6980,0.0000,0.0000,0.0000,0.6979,0.0001,200,24.6075
0.6975,0.0000,0.0000,0.0000,0.6973,0.0001,200,24.6081
0.6969,0.0000,0.0000,0.0000,0.6968,0.0001,200,24.6086
0.6981,0.0000,0.0000,0.0000,0.6980,0.0001,200,24.6075
0.6980,0.0000,0.0000,0.0000,0.6979,0.0001,200,24.6077
0.6982,0.0000,0.0000,0.0000,0.6981,0.0001,200,24.6075
0.6994,0.0000,0.0000,0.0000,0.6993,0.0000,200,24.6063
0.6005,0.0000,0.0000,0.0000,0.6004,0.0000,200,24.7053
0.3998,0.0000,0.0000,0.0000,0.3997,0.0000,200,24.9060
0.6998,0.0000,0.0000,0.0000,0.6998,0.0001,200,24.6060
0.6977,0.0000,0.0000,0.0000,0.6976,0.0001,200,24.6081
0.6994,0.0000,0.0000,0.0000,0.6993,0.0001,200,24.6065
0.3997,0.0000,0.0000,0.0000,0.3996,0.0001,200,24.9062
0.3999,0.0000,0.0000,0.0000,0.3998,0.0000,200,24.9061
0.6995,0.0000,0.0000,0.0000,0.6994,0.0001,200,24.6064
0.3997,0.0000,0.0000,0.0001,0.3995,0.0001,200,24.9063
0.6008,0.0000,0.0000,0.0000,0.6007,0.0000,200,24.7052
0.6993,0.0000,0.0000,0.0000,0.6992,0.0001,200,24.6067
0.6981,0.0000,0.0000,0.0000,0.6980,0.0001,200,24.6080
0.4002,0.0000,0.0000,0.0000,0.4001,0.0000,200,24.9060
0.6986,0.0000,0.0000,0.0000,0.6985,0.0001,200,24.6075
0.7002,0.0000,0.0000,0.0000,0.7001,0.0000,200,24.6060
0.6997,0.0000,0.0000,0.0000,0.6997,0.0000,200,24.6065
0.7003,0.0000,0.0000,0.0000,0.7002,0.0001,200,24.6060
0.6995,0.0000,0.0000,0.0000,0.6995,0.0000,200,24.6068
0.6988,0.0000,0.0000,0.0000,0.6987,0.0000,200,24.6076
0.4004,0.0000,0.0000,0.0000,0.4003,0.0001,200,24.9061
0.4006,0.0000,0.0000,0.0001,0.4004,0.0001,200,24.9059
0.6977,0.0000,0.0000,0.0000,0.6976,0.0001,200,24.6088
0.4002,0.0000,0.0000,0.0000,0.4001,0.0000,200,24.9063
0.7007,0.0000,0.0000,0.0000,0.7005,0.0001,200,24.6060
0.7005,0.0000,0.0000,0.0001,0.7004,0.0000,200,24.6062
0.6988,0.0000,0.0000,0.0000,0.6987,0.0000,200,24.6079
0.6015,0.0000,0.0000,0.0000,0.6014,0.0001,200,24.7053
0.4013,0.0000,0.0000,0.0000,0.4012,0.0000,200,24.9058
0.7001,0.0000,0.0000,0.0000,0.7000,0.0001,200,24.6080
0.6006,0.0000,0.0000,0.0000,0.6005,0.0001,200,25.1050
1.0004,0.0000,0.0000,0.0000,1.0002,0.0001,200,24.7053
0.4001,0.0000,0.0000,0.0000,0.4000,0.0001,200,25.3058
0.7998,0.0000,0.0000,0.0001,0.7996,0.0001,200,24.9061
0.3993,0.0000,0.0000,0.0001,0.3991,0.0001,200,25.3066
0.4006,0.0000,0.0000,0.0000,0.4005,0.0000,200,25.3053
0.4001,0.0000,0.0000,0.0000,0.3999,0.0001,200,25.3058
0.3992,0.0000,0.0000,0.0000,0.3991,0.0001,200,25.3068
0.3989,0.0000,0.0000,0.0000,0.3989,0.0000,200,25.3071
0.3979,0.0000,0.0000,0.0000,0.3978,0.0000,200,25.3081
0.3999,0.0000,0.0000,0.0000,0.3998,0.0001,200,25.3062
0.3998,0.0000,0.0000,0.0000,0.3997,0.0001,200,25.3065
0.3998,0.0000,0.0000,0.0000,0.3997,0.0000,200,25.3065
0.4001,0.0000,0.0000,0.0000,0.4000,0.0001,200,25.3063
0.4004,0.0000,0.0000,0.0000,0.4003,0.0000,200,25.3060
0.4001,0.0000,0.0000,0.0000,0.4000,0.0000,200,25.3065
0.4000,0.0000,0.0000,0.0000,0.3999,0.0000,200,25.3066
0.4000,0.0000,0.0000,0.0000,0.3999,0.0000,200,25.3067
0.0011,0.0000,0.0000,0.0000,0.0010,0.0000,200,25.7057
0.4007,0.0000,0.0000,0.0000,0.4006,0.0000,200,25.3061
0.4006,0.0000,0.0000,0.0000,0.4005,0.0001,200,25.3063
0.4010,0.0000,0.0000,0.0000,0.4008,0.0001,200,25.3060
0.4012,0.0000,0.0000,0.0000,0.4010,0.0001,200,25.3059
0.4008,0.0000,0.0000,0.0000,0.4007,0.0001,200,25.3063
0.4014,0.0000,0.0000,0.0000,0.4013,0.0001,200,25.3059
0.4012,0.0000,0.0000,0.0000,0.4011,0.0001,200,25.3062
0.4014,0.0000,0.0000,0.0000,0.4013,0.0000,200,25.3061
0.4020,0.0000,0.0000,0.0000,0.4018,0.0001,200,25.3057
0.4997,0.0000,0.0000,0.0001,0.4995,0.0001,200,25.3055
0.4996,0.0000,0.0000,0.0001,0.4994,0.0001,200,25.3058
0.4995,0.0000,0.0000,0.0000,0.4993,0.0001,200,25.3059
0.4997,0.0000,0.0000,0.0000,0.4996,0.0001,200,25.3058
0.4998,0.0000,0.0000,0.0000,0.4997,0.0001,200,25.3057
0.4999,0.0000,0.0000,0.0000,0.4998,0.0001,200,25.3057
0.5001,0.0000,0.0000,0.0000,0.4999,0.0001,200,25.3055
0.4999,0.0000,0.0000,0.0000,0.4998,0.0001,200,25.3057
0.4997,0.0000,0.0000,0.0000,0.4995,0.0001,200,25.3059
0.5002,0.0000,0.0000,0.0000,0.5001,0.0000,200,25.3055
0.5003,0.0000,0.0000,0.0001,0.5001,0.0001,200,25.3054
0.5005,0.0000,0.0000,0.0000,0.5003,0.0001,200,25.3052
0.4999,0.0000,0.0000,0.0000,0.4997,0.0000,200,25.3059
0.5003,0.0000,0.0000,0.0000,0.5001,0.0001,200,25.3055
0.5002,0.0000,0.0000,0.0001,0.5001,0.0000,200,25.3056
0.5005,0.0000,0.0000,0.0001,0.5004,0.0000,200,25.3053
0.4999,0.0000,0.0000,0.0000,0.4998,0.0000,200,25.3061
0.5989,0.0000,0.0000,0.0000,0.5987,0.0001,200,25.3067
0.4994,0.0000,0.0000,0.0000,0.4992,0.0001,200,25.7060
0.4984,0.0000,0.0000,0.0000,0.4982,0.0001,200,25.7072
0.4003,0.0000,0.0000,0.0001,0.4002,0.0001,200,25.8055
0.4001,0.0000,0.0000,0.0000,0.4001,0.0000,200,25.8057
0.4991,0.0000,0.0000,0.0000,0.4990,0.0001,200,25.7068
0.4993,0.0000,0.0000,0.0000,0.4992,0.0000,200,25.7066
0.4986,0.0000,0.0000,0.0000,0.4984,0.0001,200,25.7073
0.4004,0.0000,0.0000,0.0000,0.4002,0.0001,200,25.8055
0.5001,0.0000,0.0000,0.0000,0.4998,0.0002,200,25.7059
0.5000,0.0000,0.0000,0.0000,0.4998,0.0001,200,25.7060
0.4994,0.0000,0.0000,0.0000,0.4993,0.0001,200,25.7066
0.5001,0.0000,0.0000,0.0000,0.5000,0.0001,200,25.7059
0.4003,0.0000,0.0000,0.0001,0.4001,0.0001,200,25.8057
0.4004,0.0000,0.0000,0.0000,0.4003,0.0001,200,25.8056
0.3004,0.0000,0.0000,0.0000,0.3003,0.0001,200,25.9056
0.4006,0.0000,0.0000,0.0000,0.4005,0.0000,200,25.8054
0.5001,0.0000,0.0000,0.0000,0.5000,0.0000,200,25.7059
0.4986,0.0000,0.0000,0.0000,0.4985,0.0001,200,25.7075
0.4003,0.0000,0.0000,0.0001,0.4001,0.0001,200,25.8058
0.4007,0.0000,0.0000,0.0000,0.4006,0.0001,200,25.8055
0.4004,0.0000,0.0000,0.0000,0.4002,0.0001,200,25.8058
0.5003,0.0000,0.0000,0.0000,0.5001,0.0001,200,25.7060
0.4010,0.0000,0.0000,0.0000,0.4008,0.0002,200,25.8052
0.4006,0.0000,0.0000,0.0000,0.4004,0.0001,200,25.8057
0.4998,0.0000,0.0000,0.0000,0.4997,0.0001,200,25.7064
0.4003,0.0000,0.0000,0.0000,0.4002,0.0001,200,25.8060
0.4007,0.0000,0.0000,0.0000,0.4006,0.0001,200,25.8056
0.4994,0.0000,0.0000,0.0000,0.4993,0.0001,200,25.7069
0.4005,0.0000,0.0000,0.0000,0.4004,0.0001,200,25.8058
0.4999,0.0000,0.0000,0.0000,0.4998,0.0001,200,25.7064
0.4994,0.0000,0.0000,0.0000,0.4993,0.0001,200,25.7070
0.4993,0.0000,0.0000,0.0000,0.4992,0.0001,200,25.7071
0.5006,0.0000,0.0000,0.0000,0.5005,0.0000,200,25.7060
0.5003,0.0000,0.0000,0.0000,0.5001,0.0000,200,25.7063
0.5003,0.0000,0.0000,0.0000,0.5002,0.0000,200,25.7063
0.5001,0.0000,0.0000,0.0000,0.4999,0.0001,200,25.7067
0.4992,0.0000,0.0000,0.0000,0.4992,0.0000,200,25.7075
0.5010,0.0000,0.0000,0.0000,0.5009,0.0000,200,25.7059
0.4994,0.0000,0.0000,0.0000,0.4993,0.0000,200,25.7075
0.5009,0.0000,0.0000,0.0001,0.5008,0.0000,200,25.7061
0.4014,0.0000,0.0000,0.0000,0.4013,0.0000,200,25.8058
0.5016,0.0000,0.0000,0.0000,0.5015,0.0001,200,25.7057
0.4017,0.0000,0.0000,0.0000,0.4016,0.0000,200,25.8056
0.5009,0.0000,0.0000,0.0000,0.5007,0.0000,200,25.7077
0.0994,0.0000,0.0000,0.0000,0.0993,0.0001,200,26.2058
0.3996,0.0000,0.0000,0.0000,0.3995,0.0001,200,26.2060
0.3995,0.0000,0.0000,0.0000,0.3994,0.0001,200,26.2063
0.3992,0.0000,0.0000,0.0001,0.3991,0.0001,200,26.2066
0.4000,0.0000,0.0000,0.0000,0.3997,0.0000,200,26.2059
0.3997,0.0000,0.0000,0.0001,0.3996,0.0001,200,26.2063
0.3993,0.0000,0.0000,0.0000,0.3992,0.0001,200,26.2067
0.4001,0.0000,0.0000,0.0001,0.4000,0.0000,200,26.2060
0.4001,0.0000,0.0000,0.0000,0.4000,0.0000,200,26.2060
0.3992,0.0000,0.0000,0.0000,0.3991,0.0001,200,26.2069
0.8006,0.0000,0.0000,0.0000,0.8005,0.0000,200,25.8056
0.4001,0.0000,0.0000,0.0001,0.3999,0.0001,200,26.2062
0.4000,0.0000,0.0000,0.0000,0.3998,0.0000,200,26.2063
0.3998,0.0000,0.0000,0.0000,0.3997,0.0000,200,26.2066
0.4005,0.0000,0.0000,0.0001,0.4002,0.0001,200,26.2059
0.4004,0.0000,0.0000,0.0000,0.4003,0.0001,200,26.2063
0.4009,0.0000,0.0000,0.0000,0.4007,0.0001,200,26.2058
0.4009,0.0000,0.0000,0.0001,0.4007,0.0001,200,26.2059
0.3998,0.0000,0.0000,0.0000,0.3998,0.0000,200,26.2070
0.4011,0.0000,0.0000,0.0001,0.4009,0.0001,200,26.2060
0.0990,0.0000,0.0000,0.0000,0.0989,0.0001,200,26.6063
0.0982,0.0000,0.0000,0.0000,0.0981,0.0001,200,26.6071
0.0987,0.0000,0.0000,0.0000,0.0985,0.0001,200,26.6068
0.0988,0.0000,0.0000,0.0000,0.0987,0.0001,200,26.6067
0.0989,0.0000,0.0000,0.0000,0.0987,0.0001,200,26.6067
0.0993,0.0000,0.0000,0.0000,0.0992,0.0000,200,26.6064
0.0998,0.0000,0.0000,0.0000,0.0996,0.0001,200,26.6062
0.0999,0.0000,0.0000,0.0000,0.0998,0.0000,200,26.6061
0.1005,0.0000,0.0000,0.0000,0.1003,0.0001,200,26.6058
0.1006,0.0000,0.0000,0.0000,0.1004,0.0001,200,26.6059
0.5988,0.0000,0.0000,0.0000,0.5987,0.0001,200,26.2064
0.0996,0.0000,0.0000,0.0000,0.0995,0.0001,200,26.7057
0.0994,0.0000,0.0000,0.0000,0.0993,0.0001,200,26.7059
0.0989,0.0000,0.0000,0.0000,0.0988,0.0001,200,26.7064
0.0991,0.0000,0.0000,0.0000,0.0990,0.0001,200,26.7063
0.0999,0.0000,0.0000,0.0000,0.0998,0.0001,200,26.7055
0.1001,0.0000,0.0000,0.0000,0.1000,0.0000,200,26.7053
0.5995,0.0000,0.0000,0.0000,0.5994,0.0001,200,26.2060
0.5993,0.0000,0.0000,0.0000,0.5992,0.0000,200,26.2062
0.0999,0.0000,0.0000,0.0000,0.0998,0.0001,200,26.7057
0.5988,0.0000,0.0000,0.0000,0.5987,0.0001,200,26.2069
0.5998,0.0000,0.0000,0.0000,0.5997,0.0001,200,26.2059
0.2001,0.0000,0.0000,0.0000,0.2000,0.0001,200,26.6057
0.5995,0.0000,0.0000,0.0000,0.5994,0.0001,200,26.2063
0.1998,0.0000,0.0000,0.0000,0.1997,0.0000,200,26.6062
0.5997,0.0000,0.0000,0.0000,0.5996,0.0000,200,26.2063
0.1998,0.0000,0.0000,0.0000,0.1997,0.0000,200,26.6063
0.1999,0.0000,0.0000,0.0000,0.1998,0.0000,200,26.6062
0.1007,0.0000,0.0000,0.0000,0.1006,0.0001,200,26.7055
0.6009,0.0000,0.0000,0.0000,0.6008,0.0000,200,26.2054
0.0012,0.0000,0.0000,0.0000,0.0011,0.0001,200,26.8054
0.6002,0.0000,0.0000,0.0000,0.6001,0.0000,200,26.2064
0.6006,0.0000,0.0000,0.0000,0.6005,0.0000,200,26.2060
0.1999,0.0000,0.0000,0.0000,0.1998,0.0000,200,26.6069
0.1996,0.0000,0.0000,0.0000,0.1995,0.0001,200,26.8057
0.3000,0.0000,0.0000,0.0000,0.2999,0.0001,200,26.7054
0.7986,0.0000,0.0000,0.0000,0.7985,0.0001,200,26.2068
0.1999,0.0000,0.0000,0.0000,0.1997,0.0001,200,26.8056
0.2000,0.0000,0.0000,0.0000,0.1998,0.0001,200,26.8055
0.0998,0.0000,0.0000,0.0000,0.0996,0.0001,200,27.0055
0.0999,0.0000,0.0000,0.0000,0.0998,0.0001,200,27.0054
1.3993,0.0000,0.0000,0.0000,1.3991,0.0001,200,26.2062
0.7993,0.0000,0.0000,0.0000,0.7992,0.0001,200,26.8062
0.9992,0.0000,0.0000,0.0000,0.9990,0.0001,200,26.6064
0.8996,0.0000,0.0000,0.0000,0.8995,0.0001,200,26.7060
0.6002,0.0000,0.0000,0.0000,0.6000,0.0001,200,27.0055
0.7990,0.0000,0.0000,0.0000,0.7988,0.0001,200,26.8067
1.3997,0.0000,0.0000,0.0001,1.3995,0.0001,200,26.2060
0.9996,0.0000,0.0000,0.0000,0.9994,0.0001,200,26.6061
0.7999,0.0000,0.0000,0.0000,0.7997,0.0001,200,26.8058
0.7996,0.0000,0.0000,0.0000,0.7994,0.0001,200,26.8061
0.9997,0.0000,0.0000,0.0000,0.9996,0.0001,200,26.6060
1.3995,0.0000,0.0000,0.0001,1.3992,0.0001,200,26.2062
0.9998,0.0000,0.0000,0.0000,0.9997,0.0001,200,26.6059
1.3998,0.0000,0.0000,0.0000,1.3997,0.0000,200,26.2060
1.3985,0.0000,0.0000,0.0000,1.3983,0.0000,200,26.2073
1.3992,0.0000,0.0000,0.0000,1.3991,0.0001,200,26.2066
0.8004,0.0000,0.0000,0.0001,0.8000,0.0002,200,26.8054
0.8005,0.0000,0.0000,0.0000,0.8004,0.0001,200,26.8053
0.5007,0.0000,0.0000,0.0000,0.5002,0.0003,200,27.1052
0.7993,0.0000,0.0000,0.0001,0.7989,0.0003,200,26.8066
1.3997,0.0000,0.0000,0.0001,1.3995,0.0001,200,26.2063
0.8006,0.0000,0.0000,0.0001,0.8004,0.0001,200,26.8054
1.3996,0.0000,0.0000,0.0000,1.3993,0.0002,200,26.2064
0.8001,0.0000,0.0000,0.0000,0.8000,0.0001,200,26.8059
1.3988,0.0000,0.0000,0.0000,1.3987,0.0001,200,26.2072
0.7999,0.0000,0.0000,0.0000,0.7998,0.0000,200,26.8062
1.4001,0.0000,0.0000,0.0000,1.4000,0.0001,200,26.2060
0.6008,0.0000,0.0000,0.0000,0.6007,0.0000,200,27.0054
0.5009,0.0000,0.0000,0.0000,0.5008,0.0000,200,27.1054
0.6009,0.0000,0.0000,0.0000,0.6007,0.0001,200,27.0053
1.4004,0.0000,0.0000,0.0001,1.4002,0.0000,200,26.2060
0.8000,0.0000,0.0000,0.0000,0.7999,0.0000,200,26.8065
0.8013,0.0000,0.0000,0.0000,0.8012,0.0000,200,26.8052
0.8011,0.0000,0.0000,0.0001,0.8010,0.0000,200,26.8055
1.3013,0.0000,0.0000,0.0000,1.3012,0.0000,200,26.3052
0.8012,0.0000,0.0000,0.0000,0.8011,0.0000,200,26.8054
1.4011,0.0000,0.0000,0.0000,1.4010,0.0000,200,26.2056
0.8008,0.0000,0.0000,0.0000,0.8007,0.0000,200,26.8059
0.8011,0.0000,0.0000,0.0000,0.8010,0.0001,200,26.8057
0.8013,0.0000,0.0000,0.0000,0.8012,0.0001,200,26.8056
1.3985,0.0000,0.0000,0.0000,1.3984,0.0001,200,26.2085
0.8011,0.0000,0.0000,0.0000,0.8010,0.0000,200,26.8060
1.3999,0.0000,0.0000,0.0001,1.3998,0.0000,200,26.2073
0.8013,0.0000,0.0000,0.0000,0.8011,0.0001,200,26.8061
0.8006,0.0000,0.0000,0.0000,0.8006,0.0000,200,26.8068
0.2982,0.0000,0.0000,0.0000,0.2981,0.0001,200,27.6074
0.2992,0.0000,0.0000,0.0000,0.2991,0.0001,200,27.6066
0.2997,0.0000,0.0000,0.0000,0.2995,0.0001,200,27.6061
0.2993,0.0000,0.0000,0.0000,0.2993,0.0000,200,27.6065
0.2993,0.0000,0.0000,0.0000,0.2992,0.0000,200,27.6066
0.2999,0.0000,0.0000,0.0000,0.2997,0.0001,200,27.6061
0.2997,0.0000,0.0000,0.0000,0.2996,0.0001,200,27.6062
0.3003,0.0000,0.0000,0.0000,0.3002,0.0001,200,27.6057
0.2990,0.0000,0.0000,0.0000,0.2989,0.0000,200,27.6071
0.3003,0.0000,0.0000,0.0000,0.3001,0.0001,200,27.6058
0.3005,0.0000,0.0000,0.0000,0.3004,0.0000,200,27.6056
0.3007,0.0000,0.0000,0.0000,0.3005,0.0000,200,27.6056
0.3006,0.0000,0.0000,0.0000,0.3005,0.0001,200,27.6057
0.3005,0.0000,0.0000,0.0000,0.3003,0.0001,200,27.6059
0.3007,0.0000,0.0000,0.0000,0.3006,0.0001,200,27.6057
0.3008,0.0000,0.0000,0.0000,0.3007,0.0001,200,27.6057
0.3995,0.0000,0.0000,0.0001,0.3993,0.0001,200,27.6057
0.3983,0.0000,0.0000,0.0000,0.3981,0.0000,200,27.6070
0.3990,0.0000,0.0000,0.0000,0.3989,0.0001,200,27.6063
0.1993,0.0000,0.0000,0.0000,0.1991,0.0001,200,27.9060
0.4994,0.0000,0.0000,0.0000,0.4990,0.0001,200,27.6059
0.4996,0.0000,0.0000,0.0000,0.4994,0.0001,200,27.6057
0.7988,0.0000,0.0000,0.0000,0.7986,0.0001,200,27.6064
0.7999,0.0000,0.0000,0.0001,0.7997,0.0001,200,27.6055
0.4993,0.0000,0.0000,0.0000,0.4992,0.0001,200,27.9060
0.3001,0.0000,0.0000,0.0000,0.3000,0.0001,200,28.1053
0.7997,0.0000,0.0000,0.0001,0.7995,0.0001,200,27.6057
0.7998,0.0000,0.0000,0.0000,0.7996,0.0001,200,27.6057
0.4004,0.0000,0.0000,0.0000,0.4003,0.0000,200,28.0053
0.4997,0.0000,0.0000,0.0000,0.4996,0.0001,200,27.9059
0.7999,0.0000,0.0000,0.0000,0.7994,0.0001,200,27.6058
0.7999,0.0000,0.0000,0.0000,0.7997,0.0001,200,27.6058
0.7999,0.0000,0.0000,0.0000,0.7996,0.0001,200,27.6058
0.3005,0.0000,0.0000,0.0000,0.3003,0.0001,200,28.1052
0.7997,0.0000,0.0000,0.0000,0.7995,0.0001,200,27.6060
0.4999,0.0000,0.0000,0.0000,0.4998,0.0001,200,27.9058
0.4995,0.0000,0.0000,0.0000,0.4994,0.0001,200,27.9063
0.7999,0.0000,0.0000,0.0000,0.7997,0.0001,200,27.6059
0.7986,0.0000,0.0000,0.0000,0.7984,0.0001,200,27.6072
0.7990,0.0000,0.0000,0.0000,0.7989,0.0000,200,27.6068
0.7992,0.0000,0.0000,0.0000,0.7991,0.0001,200,27.6066
0.4997,0.0000,0.0000,0.0000,0.4995,0.0001,200,27.9061
0.7999,0.0000,0.0000,0.0000,0.7997,0.0001,200,27.6060
0.7985,0.0000,0.0000,0.0000,0.7984,0.0001,200,27.6074
0.3007,0.0000,0.0000,0.0000,0.3005,0.0001,200,28.1052
0.7998,0.0000,0.0000,0.0000,0.7997,0.0001,200,27.6061
0.7989,0.0000,0.0000,0.0000,0.7988,0.0001,200,27.6071
0.8004,0.0000,0.0000,0.0000,0.8002,0.0001,200,27.6056
0.8001,0.0000,0.0000,0.0000,0.7998,0.0001,200,27.6060
0.7995,0.0000,0.0000,0.0000,0.7993,0.0001,200,27.6066
0.8001,0.0000,0.0000,0.0001,0.8000,0.0001,200,27.6059
0.5000,0.0000,0.0000,0.0000,0.4998,0.0001,200,27.9061
0.4998,0.0000,0.0000,0.0000,0.4996,0.0001,200,27.9064
0.8005,0.0000,0.0000,0.0000,0.8002,0.0000,200,27.6056
0.5003,0.0000,0.0000,0.0000,0.5002,0.0000,200,27.9059
0.0008,0.0000,0.0000,0.0000,0.0007,0.0000,200,28.4054
0.5003,0.0000,0.0000,0.0000,0.5002,0.0001,200,27.9060
0.4011,0.0000,0.0000,0.0000,0.4009,0.0000,200,28.0052
0.5000,0.0000,0.0000,0.0000,0.4999,0.0001,200,27.9063
0.7998,0.0000,0.0000,0.0000,0.7997,0.0000,200,27.6065
0.5000,0.0000,0.0000,0.0000,0.4999,0.0001,200,27.9064
0.7996,0.0000,0.0000,0.0000,0.7995,0.0000,200,27.6068
0.0013,0.0000,0.0000,0.0000,0.0011,0.0001,200,28.4052
0.5009,0.0000,0.0000,0.0000,0.5008,0.0001,200,27.9056
0.5005,0.0000,0.0000,0.0000,0.5003,0.0001,200,27.9060
0.0011,0.0000,0.0000,0.0001,0.0009,0.0001,200,28.4054
0.4013,0.0000,0.0000,0.0000,0.4012,0.0000,200,28.0052
0.8006,0.0000,0.0000,0.0000,0.8004,0.0001,200,27.6059
0.0009,0.0000,0.0000,0.0000,0.0008,0.0001,200,28.4057
0.0009,0.0000,0.0000,0.0000,0.0008,0.0001,200,28.4057
0.5010,0.0000,0.0000,0.0000,0.5009,0.0000,200,27.9058
0.0014,0.0000,0.0000,0.0000,0.0012,0.0001,200,28.4055
0.5003,0.0000,0.0000,0.0000,0.5002,0.0001,200,27.9066
0.0012,0.0000,0.0000,0.0000,0.0011,0.0000,200,28.4058
0.0013,0.0000,0.0000,0.0000,0.0012,0.0001,200,28.4058
0.0017,0.0000,0.0000,0.0000,0.0014,0.0001,200,28.4057
0.0016,0.0000,0.0000,0.0001,0.0014,0.0000,200,28.4057
0.0015,0.0000,0.0000,0.0000,0.0013,0.0001,200,28.4058
0.0010,0.0000,0.0000,0.0000,0.0009,0.0001,200,28.4064
0.0016,0.0000,0.0000,0.0001,0.0014,0.0001,200,28.4059
0.0015,0.0000,0.0000,0.0001,0.0014,0.0000,200,28.4060
0.0018,0.0000,0.0000,0.0000,0.0016,0.0001,200,28.4057
0.0022,0.0000,0.0000,0.0001,0.0020,0.0000,200,28.4053
0.0017,0.0000,0.0000,0.0000,0.0015,0.0000,200,28.4060
0.0014,0.0000,0.0000,0.0000,0.0013,0.0001,200,28.4063
0.0016,0.0000,0.0000,0.0001,0.0014,0.0001,200,28.4062
0.0016,0.0000,0.0000,0.0000,0.0015,0.0000,200,28.4062
0.0017,0.0000,0.0000,0.0000,0.0016,0.0001,200,28.4060
0.0016,0.0000,0.0000,0.0000,0.0015,0.0000,200,28.4062
0.0020,0.0000,0.0000,0.0000,0.0018,0.0001,200,28.4059
0.0016,0.0000,0.0000,0.0000,0.0015,0.0000,200,28.4063
0.0025,0.0000,0.0000,0.0000,0.0023,0.0001,200,28.4054
0.0022,0.0000,0.0000,0.0000,0.0019,0.0000,200,28.4057
0.0008,0.0000,0.0000,0.0000,0.0007,0.0000,200,28.4073
0.0020,0.0000,0.0000,0.0000,0.0019,0.0000,200,28.4060
0.0022,0.0000,0.0000,0.0000,0.0020,0.0001,200,28.4059
0.0012,0.0000,0.0000,0.0000,0.0011,0.0000,200,28.4069
0.0024,0.0000,0.0000,0.0000,0.0023,0.0000,200,28.4057
0.0021,0.0000,0.0000,0.0000,0.0020,0.0000,200,28.4061
0.0015,0.0000,0.0000,0.0000,0.0014,0.0000,200,28.4068
0.0020,0.0000,0.0000,0.0000,0.0019,0.0001,200,28.4064
0.0020,0.0000,0.0000,0.0000,0.0019,0.0001,200,28.4064
0.0020,0.0000,0.0000,0.0000,0.0019,0.0000,200,28.4065
0.0022,0.0000,0.0000,0.0000,0.0021,0.0000,200,28.4064
0.0010,0.0000,0.0000,0.0000,0.0009,0.0000,200,28.4076
0.0023,0.0000,0.0000,0.0000,0.0022,0.0001,200,28.4063
0.0026,0.0000,0.0000,0.0000,0.0025,0.0000,200,28.4060
0.0012,0.0000,0.0000,0.0000,0.0011,0.0000,200,28.4075
0.0012,0.0000,0.0000,0.0000,0.0011,0.0001,200,28.4075
0.0028,0.0000,0.0000,0.0001,0.0026,0.0000,200,28.4060
0.0023,0.0000,0.0000,0.0000,0.0021,0.0001,200,28.4065
0.0014,0.0000,0.0000,0.0000,0.0013,0.0000,200,28.4075
0.0014,0.0000,0.0000,0.0000,0.0013,0.0000,200,28.4075
0.0014,0.0000,0.0000,0.0000,0.0013,0.0000,200,28.4075
0.0016,0.0000,0.0000,0.0000,0.0015,0.0000,200,28.4074
0.0030,0.0000,0.0000,0.0000,0.0029,0.0000,200,28.4059
0.0028,0.0000,0.0000,0.0000,0.0027,0.0000,200,28.4061
0.0016,0.0000,0.0000,0.0000,0.0014,0.0000,200,28.4074
0.0014,0.0000,0.0000,0.0000,0.0013,0.0000,200,28.4077
0.0017,0.0000,0.0000,0.0000,0.0015,0.0000,200,28.4076
0.0016,0.0000,0.0000,0.0000,0.0015,0.0000,200,28.4077
0.0030,0.0000,0.0000,0.0000,0.0029,0.0000,200,28.4063
0.0019,0.0000,0.0000,0.0000,0.0018,0.0000,200,28.4076
0.0017,0.0000,0.0000,0.0000,0.0016,0.0000,200,28.4078
0.0031,0.0000,0.0000,0.0000,0.0029,0.0001,200,28.4065
0.0018,0.0000,0.0000,0.0000,0.0017,0.0001,200,28.4078
0.0023,0.0000,0.0000,0.0000,0.0022,0.0000,200,28.4075
0.0022,0.0000,0.0000,0.0000,0.0021,0.0000,200,28.4078
0.0013,0.0000,0.0000,0.0000,0.0012,0.0000,200,28.4088
0.0020,0.0000,0.0000,0.0000,0.0019,0.0001,200,28.4081
0.0023,0.0000,0.0000,0.0000,0.0022,0.0000,200,28.4079
0.0016,0.0000,0.0000,0.0000,0.0015,0.0001,200,28.4086
0.0021,0.0000,0.0000,0.0000,0.0019,0.0000,200,28.4083
0.0014,0.0000,0.0000,0.0000,0.0013,0.0000,200,28.4089
0.0018,0.0000,0.0000,0.0000,0.0017,0.0001,200,28.4086
0.0025,0.0000,0.0000,0.0000,0.0024,0.0000,200,28.4081
0.0026,0.0000,0.0000,0.0001,0.0025,0.0000,200,28.4081
0.0030,0.0000,0.0000,0.0000,0.0029,0.0000,200,28.4078
0.0024,0.0000,0.0000,0.0000,0.0023,0.0001,200,28.4084
0.0030,0.0000,0.0000,0.0000,0.0029,0.0001,200,28.4079
0.0037,0.0000,0.0000,0.0000,0.0036,0.0001,200,28.4075
0.0031,0.0000,0.0000,0.0000,0.0030,0.0001,200,28.4082
0.0033,0.0000,0.0000,0.0000,0.0032,0.0001,200,28.4081
0.4023,0.0000,0.0000,0.0000,0.4022,0.0001,200,28.4076
0.3987,0.0000,0.0000,0.0000,0.3986,0.0001,200,28.4113
0.3997,0.0000,0.0000,0.0000,0.3996,0.0001,200,28.4103
0.4017,0.0000,0.0000,0.0000,0.4015,0.0001,200,28.4085
0.4003,0.0000,0.0000,0.0000,0.4003,0.0000,200,28.4098
0.4006,0.0000,0.0000,0.0001,0.4005,0.0001,200,28.4096
0.4948,0.0000,0.0000,0.0000,0.4947,0.0001,200,28.4103
0.7953,0.0000,0.0000,0.0000,0.7952,0.0001,200,28.4100
0.7970,0.0000,0.0000,0.0000,0.7969,0.0001,200,28.4084
0.7962,0.0000,0.0000,0.0000,0.7961,0.0001,200,28.4093
0.7977,0.0000,0.0000,0.0000,0.7976,0.0001,200,28.4077
0.7960,0.0000,0.0000,0.0000,0.7959,0.0001,200,28.4094
0.7941,0.0000,0.0000,0.0000,0.7940,0.0001,200,28.4114
0.7962,0.0000,0.0000,0.0000,0.7960,0.0001,200,28.4094
0.7960,0.0000,0.0000,0.0000,0.7959,0.0001,200,28.4096
0.7961,0.0000,0.0000,0.0000,0.7960,0.0000,200,28.4094
0.7955,0.0000,0.0000,0.0000,0.7955,0.0000,200,28.4101
0.7948,0.0000,0.0000,0.0000,0.7946,0.0001,200,28.4109
0.7962,0.0000,0.0000,0.0000,0.7961,0.0000,200,28.4095
0.7945,0.0000,0.0000,0.0000,0.7944,0.0000,200,28.4112
0.7950,0.0000,0.0000,0.0000,0.7949,0.0001,200,28.4107
0.7949,0.0000,0.0000,0.0000,0.7947,0.0001,200,28.4110
0.8000,0.0000,0.0000,0.0001,0.7998,0.0000,200,28.4059
0.7969,0.0000,0.0000,0.0000,0.7968,0.0000,200,28.4089
0.7971,0.0000,0.0000,0.0000,0.7970,0.0001,200,28.4088
0.7963,0.0000,0.0000,0.0000,0.7962,0.0000,200,28.4096
0.7964,0.0000,0.0000,0.0000,0.7963,0.0001,200,28.4096
0.3959,0.0000,0.0000,0.0000,0.3958,0.0000,200,28.8101
0.7957,0.0000,0.0000,0.0000,0.7956,0.0001,200,28.4103
0.7956,0.0000,0.0000,0.0000,0.7955,0.0000,200,28.4105
0.7959,0.0000,0.0000,0.0000,0.7957,0.0001,200,28.4102
0.7968,0.0000,0.0000,0.0000,0.7967,0.0000,200,28.4093
0.7970,0.0000,0.0000,0.0000,0.7969,0.0001,200,28.4092
0.7957,0.0000,0.0000,0.0000,0.7956,0.0000,200,28.4106
0.7969,0.0000,0.0000,0.0000,0.7968,0.0000,200,28.4096
0.7964,0.0000,0.0000,0.0000,0.7963,0.0001,200,28.4101
0.3967,0.0000,0.0000,0.0000,0.3966,0.0001,200,28.8099
0.3965,0.0000,0.0000,0.0000,0.3964,0.0001,200,28.8102
0.4001,0.0000,0.0000,0.0000,0.4000,0.0001,200,28.9051
0.8973,0.0000,0.0000,0.0000,0.8972,0.0001,200,28.4079
0.0993,0.0000,0.0000,0.0000,0.0992,0.0001,200,29.2060
0.0991,0.0000,0.0000,0.0000,0.0990,0.0001,200,29.2062
0.0993,0.0000,0.0000,0.0000,0.0992,0.0000,200,29.2061
0.0987,0.0000,0.0000,0.0000,0.0986,0.0000,200,29.2066
0.0991,0.0000,0.0000,0.0000,0.0990,0.0001,200,29.2063
0.0989,0.0000,0.0000,0.0000,0.0988,0.0001,200,29.2065
0.0995,0.0000,0.0000,0.0001,0.0993,0.0001,200,29.2060
0.0997,0.0000,0.0000,0.0000,0.0996,0.0001,200,29.2059
0.7956,0.0000,0.0000,0.0000,0.7954,0.0001,200,28.8100
0.4002,0.0000,0.0000,0.0000,0.4000,0.0001,200,29.2055
1.1970,0.0000,0.0000,0.0000,1.1969,0.0001,200,28.4086
0.7956,0.0000,0.0000,0.0000,0.7955,0.0001,200,28.8101
0.4003,0.0000,0.0000,0.0000,0.4001,0.0001,200,29.2055
0.4002,0.0000,0.0000,0.0000,0.4001,0.0001,200,29.2056
0.4003,0.0000,0.0000,0.0000,0.4002,0.0001,200,29.2056
0.3999,0.0000,0.0000,0.0000,0.3998,0.0001,200,29.2060
1.1966,0.0000,0.0000,0.0000,1.1965,0.0001,200,28.4095
0.4001,0.0000,0.0000,0.0000,0.4000,0.0001,200,29.2061
0.4008,0.0000,0.0000,0.0000,0.4007,0.0000,200,29.2055
1.1970,0.0000,0.0000,0.0000,1.1969,0.0000,200,28.4094
0.3011,0.0000,0.0000,0.0000,0.3010,0.0001,200,29.3053
0.4011,0.0000,0.0000,0.0000,0.4010,0.0001,200,29.2055
0.4014,0.0000,0.0000,0.0000,0.4013,0.0000,200,29.2056
0.3018,0.0000,0.0000,0.0000,0.3017,0.0001,200,29.3054
0.4019,0.0000,0.0000,0.0000,0.4018,0.0001,200,29.2053
0.4018,0.0000,0.0000,0.0000,0.4017,0.0001,200,29.2055
1.4959,0.0000,0.0000,0.0000,1.4958,0.0001,200,28.4095
0.6000,0.0000,0.0000,0.0000,0.5998,0.0001,200,29.3056
0.6995,0.0000,0.0000,0.0000,0.6994,0.0001,200,29.2061
0.6999,0.0000,0.0000,0.0000,0.6997,0.0001,200,29.2057
0.6991,0.0000,0.0000,0.0000,0.6990,0.0001,200,29.2065
0.6999,0.0000,0.0000,0.0000,0.6998,0.0001,200,29.2058
0.2988,0.0000,0.0000,0.0000,0.2987,0.0001,200,29.6069
1.4962,0.0000,0.0000,0.0000,1.4960,0.0001,200,28.4096
0.6992,0.0000,0.0000,0.0000,0.6991,0.0000,200,29.2067
0.7001,0.0000,0.0000,0.0000,0.7000,0.0000,200,29.2058
0.2993,0.0000,0.0000,0.0000,0.2992,0.0001,200,29.6066
0.6005,0.0000,0.0000,0.0000,0.6004,0.0000,200,29.3054
1.4964,0.0000,0.0000,0.0000,1.4963,0.0001,200,28.4095
1.5002,0.0000,0.0000,0.0000,1.5001,0.0001,200,28.4058
0.6007,0.0000,0.0000,0.0001,0.6005,0.0000,200,29.3053
0.2995,0.0000,0.0000,0.0000,0.2994,0.0001,200,29.6065
1.0958,0.0000,0.0000,0.0000,1.0957,0.0000,200,28.8102
0.2989,0.0000,0.0000,0.0000,0.2988,0.0001,200,29.6072
1.4954,0.0000,0.0000,0.0000,1.4953,0.0000,200,28.4107
0.3005,0.0000,0.0000,0.0000,0.3004,0.0000,200,29.6056
0.3002,0.0000,0.0000,0.0000,0.3001,0.0000,200,29.6060
0.7005,0.0000,0.0000,0.0000,0.7004,0.0000,200,29.2057
0.7003,0.0000,0.0000,0.0000,0.7002,0.0000,200,29.2059
1.5006,0.0000,0.0000,0.0000,1.5004,0.0000,200,28.4056
0.7005,0.0000,0.0000,0.0000,0.7003,0.0001,200,29.2059
0.3000,0.0000,0.0000,0.0000,0.2999,0.0001,200,29.6064
0.3008,0.0000,0.0000,0.0000,0.3007,0.0000,200,29.6056
0.2992,0.0000,0.0000,0.0000,0.2991,0.0000,200,29.6073
0.6013,0.0000,0.0000,0.0000,0.6011,0.0000,200,29.3053
0.3007,0.0000,0.0000,0.0000,0.3006,0.0000,200,29.6060
0.3009,0.0000,0.0000,0.0000,0.3008,0.0001,200,29.6058
0.3004,0.0000,0.0000,0.0000,0.3003,0.0001,200,29.6063
0.7013,0.0000,0.0000,0.0000,0.7012,0.0000,200,29.2055
0.3006,0.0000,0.0000,0.0000,0.3005,0.0000,200,29.6062
0.3011,0.0000,0.0000,0.0001,0.3009,0.0001,200,29.6058
0.7012,0.0000,0.0000,0.0001,0.7011,0.0001,200,29.2058
0.6015,0.0000,0.0000,0.0001,0.6014,0.0000,200,29.3055
0.3013,0.0000,0.0000,0.0000,0.3011,0.0001,200,29.6057
0.6019,0.0000,0.0000,0.0000,0.6018,0.0000,200,29.3052
0.7014,0.0000,0.0000,0.0000,0.7013,0.0001,200,29.2057
0.6019,0.0000,0.0000,0.0000,0.6018,0.0001,200,29.3053
0.6023,0.0000,0.0000,0.0000,0.6022,0.0001,200,29.3052
0.3995,0.0000,0.0000,0.0000,0.3993,0.0001,200,29.6056
0.4045,0.0000,0.0000,0.0000,0.4043,0.0001,200,29.9059
0.4036,0.0000,0.0000,0.0000,0.4034,0.0000,200,29.9069
0.7045,0.0000,0.0000,0.0000,0.7043,0.0001,200,29.6061
0.4039,0.0000,0.0000,0.0000,0.4038,0.0000,200,29.9067
0.4034,0.0000,0.0000,0.0000,0.4033,0.0001,200,29.9073
0.4037,0.0000,0.0000,0.0000,0.4035,0.0001,200,29.9070
0.4033,0.0000,0.0000,0.0000,0.4032,0.0000,200,29.9074
0.4038,0.0000,0.0000,0.0000,0.4036,0.0001,200,29.9070
0.4037,0.0000,0.0000,0.0000,0.4036,0.0000,200,29.9071
0.4045,0.0000,0.0000,0.0000,0.4044,0.0000,200,29.9064
0.4041,0.0000,0.0000,0.0000,0.4041,0.0001,200,29.9068
0.4041,0.0000,0.0000,0.0000,0.4040,0.0000,200,29.9069
0.4040,0.0000,0.0000,0.0000,0.4039,0.0000,200,29.9070
0.4041,0.0000,0.0000,0.0000,0.4040,0.0000,200,29.9070
0.4045,0.0000,0.0000,0.0001,0.4043,0.0001,200,29.9067
0.4056,0.0000,0.0000,0.0000,0.4055,0.0000,200,29.9056
0.4045,0.0000,0.0000,0.0001,0.4044,0.0000,200,29.9067
0.4050,0.0000,0.0000,0.0000,0.4049,0.0000,200,29.9062
0.4049,0.0000,0.0000,0.0000,0.4048,0.0001,200,29.9066
0.4050,0.0000,0.0000,0.0000,0.4048,0.0001,200,29.9065
0.4055,0.0000,0.0000,0.0000,0.4054,0.0001,200,29.9060
0.4051,0.0000,0.0000,0.0000,0.4050,0.0001,200,29.9065
0.4055,0.0000,0.0000,0.0000,0.4054,0.0000,200,29.9061
0.4056,0.0000,0.0000,0.0000,0.4055,0.0000,200,29.9062
0.4057,0.0000,0.0000,0.0000,0.4056,0.0000,200,29.9061
0.4062,0.0000,0.0000,0.0000,0.4061,0.0001,200,29.9056
0.4058,0.0000,0.0000,0.0000,0.4057,0.0001,200,29.9061
0.4058,0.0000,0.0000,0.0000,0.4057,0.0000,200,29.9061
0.4059,0.0000,0.0000,0.0000,0.4057,0.0000,200,29.9060
0.4062,0.0000,0.0000,0.0000,0.4061,0.0000,200,29.9059
0.4059,0.0000,0.0000,0.0000,0.4057,0.0001,200,29.9062
0.4062,0.0000,0.0000,0.0000,0.4061,0.0000,200,29.9059
0.4062,0.0000,0.0000,0.0000,0.4061,0.0000,200,29.9060
0.4063,0.0000,0.0000,0.0000,0.4062,0.0000,200,29.9059
0.4063,0.0000,0.0000,0.0000,0.4062,0.0000,200,29.9060
0.4066,0.0000,0.0000,0.0000,0.4066,0.0000,200,29.9057
0.4065,0.0000,0.0000,0.0000,0.4064,0.0000,200,29.9059
0.4067,0.0000,0.0000,0.0000,0.4066,0.0001,200,29.9057
0.4069,0.0000,0.0000,0.0000,0.4067,0.0001,200,29.9057
0.4072,0.0000,0.0000,0.0000,0.4070,0.0001,200,29.9055
0.4071,0.0000,0.0000,0.0000,0.4070,0.0001,200,29.9056
0.4071,0.0000,0.0000,0.0000,0.4070,0.0001,200,29.9056
0.8979,0.0000,0.0000,0.0000,0.8978,0.0001,200,29.6073
0.5991,0.0000,0.0000,0.0000,0.5989,0.0001,200,29.9064
